   0 0.54805 0.609434   55   14   28   19   73   64   71   94   85   58    8   20   65   88   45   36   59   50    7   30   75   66   89   80   87   37   60   51   10    1   24   96   31   90   40   47   38   52   11    2   25   16   77   68   41   32   39   62   53   12    3   98   17   92   33   56   13    4   27   99   18   72   79   70   84   43   34   48   -1   -1   -1   -1   -1   -1   -1   -1   -1   -1   -1   -1   -1   -1   -1   -1   -1   -1   -1   -1   -1   -1   -1   -1   -1   -1   -1   -1   -1   -1   -1
   1 0.270726 0.262366   13    6   16   98   78   47   88   81   11   30   97   95   39   80   56   22   75   76    0   38   87   48    9    2   27   67   68   44   93   86   62    8   26   20   73   66   35   36   61   15   41   90   83   53   14   -1   -1   -1   -1   -1   -1   -1   -1   -1   -1   -1   -1   -1   -1   -1   -1   -1   -1   -1   -1   -1   -1   -1   -1   -1   -1   -1   -1   -1   -1   -1   -1   -1   -1   -1   -1   -1   -1   -1   -1   -1   -1   -1   -1   -1   -1   -1   -1   -1   -1   -1   -1   -1   -1
   2 0.285065 0.448165   78   73   45   36    8   26   98   70   65   88   83   14    9   27   76   71   80   61   15    6   96   68   95   86   81    1   35   53   12    7   30   97   16    0   87   41   13    4   22   75   66   93   47   38   33   56   72   67   90   85   44   39   62   48   11   20   -1   -1   -1   -1   -1   -1   -1   -1   -1   -1   -1   -1   -1   -1   -1   -1   -1   -1   -1   -1   -1   -1   -1   -1   -1   -1   -1   -1   -1   -1   -1   -1   -1   -1   -1   -1   -1   -1   -1   -1   -1   -1   -1
   3 0.831771 0.955797   50   59   28   84   58   40   17   96   92   52   69   34   25    7   12   99   55   60   77   37   42   19   24   89   94   71   36   45   18    0   48   65   57   70   79   51   64   -1   -1   -1   -1   -1   -1   -1   -1   -1   -1   -1   -1   -1   -1   -1   -1   -1   -1   -1   -1   -1   -1   -1   -1   -1   -1   -1   -1   -1   -1   -1   -1   -1   -1   -1   -1   -1   -1   -1   -1   -1   -1   -1   -1   -1   -1   -1   -1   -1   -1   -1   -1   -1   -1   -1   -1   -1   -1   -1   -1   -1   -1
   4 0.192637 0.928554    7   14   84   90   72   37   85   63   19   96   86   74   27   87   94   76   80    2   70   52   33   40    5   11   88   71    0    6   13   89   64   79   -1   -1   -1   -1   -1   -1   -1   -1   -1   -1   -1   -1   -1   -1   -1   -1   -1   -1   -1   -1   -1   -1   -1   -1   -1   -1   -1   -1   -1   -1   -1   -1   -1   -1   -1   -1   -1   -1   -1   -1   -1   -1   -1   -1   -1   -1   -1   -1   -1   -1   -1   -1   -1   -1   -1   -1   -1   -1   -1   -1   -1   -1   -1   -1   -1   -1   -1
   5 0.158292 0.984114   84   72   27   13   40   37   11   90   76   87   80    7   86   74    4    6   85   94   71   63   64   33   -1   -1   -1   -1   -1   -1   -1   -1   -1   -1   -1   -1   -1   -1   -1   -1   -1   -1   -1   -1   -1   -1   -1   -1   -1   -1   -1   -1   -1   -1   -1   -1   -1   -1   -1   -1   -1   -1   -1   -1   -1   -1   -1   -1   -1   -1   -1   -1   -1   -1   -1   -1   -1   -1   -1   -1   -1   -1   -1   -1   -1   -1   -1   -1   -1   -1   -1   -1   -1   -1   -1   -1   -1   -1   -1   -1   -1
   6 0.0300532 0.506256   87   78   56    1   22    9   90   93   14   85   76   62   35    2   26   20   97   88   83   74   63   41   27   80   66   33   13   81   72   67   61    5   38   16   11   95   86    4   53   30    8   -1   -1   -1   -1   -1   -1   -1   -1   -1   -1   -1   -1   -1   -1   -1   -1   -1   -1   -1   -1   -1   -1   -1   -1   -1   -1   -1   -1   -1   -1   -1   -1   -1   -1   -1   -1   -1   -1   -1   -1   -1   -1   -1   -1   -1   -1   -1   -1   -1   -1   -1   -1   -1   -1   -1   -1   -1   -1
   7 0.446335 0.79145   25    4   94   87   63   76   52   45   14   96   89   86   79   55   68   37   34   27   16    0   99   88   71   36    3   19   80    2   56   73   70   28   18   11    5   90   72   48   65   13   92   85   58   51   64   40   33   30   12   84   77   53   74   50   -1   -1   -1   -1   -1   -1   -1   -1   -1   -1   -1   -1   -1   -1   -1   -1   -1   -1   -1   -1   -1   -1   -1   -1   -1   -1   -1   -1   -1   -1   -1   -1   -1   -1   -1   -1   -1   -1   -1   -1   -1   -1   -1   -1   -1
   8 0.377321 0.28009   87   38   45   76   97   22    2   29   11   81    0   88   39   95   46   98   16   30   12   47   78   13   83   90   41   65   14   53   35   66   73    1   26   15   61   36   43   67   20   27    9   48   62   86   93   44   68   75   21   10    6   56   80   -1   -1   -1   -1   -1   -1   -1   -1   -1   -1   -1   -1   -1   -1   -1   -1   -1   -1   -1   -1   -1   -1   -1   -1   -1   -1   -1   -1   -1   -1   -1   -1   -1   -1   -1   -1   -1   -1   -1   -1   -1   -1   -1   -1   -1   -1
   9 0.00676799 0.147887   88    6   35   86   95    2   20   15   44   14    1   83   93   98   26   13   41   78   16   97   11   53   62   39   81   67    8   61   38   66   75   76   22   -1   -1   -1   -1   -1   -1   -1   -1   -1   -1   -1   -1   -1   -1   -1   -1   -1   -1   -1   -1   -1   -1   -1   -1   -1   -1   -1   -1   -1   -1   -1   -1   -1   -1   -1   -1   -1   -1   -1   -1   -1   -1   -1   -1   -1   -1   -1   -1   -1   -1   -1   -1   -1   -1   -1   -1   -1   -1   -1   -1   -1   -1   -1   -1   -1   -1
  10 0.785176 0.394742   12   55   62   32   88   43   16   27   52   38   89   75   17   24   53   60   39   46   70   41   65    0   23   30   50   36   47   73   98   31   51   58   82   68   21   28   48   59   34   45   96   18   29   54   49   56   91   77    8   -1   -1   -1   -1   -1   -1   -1   -1   -1   -1   -1   -1   -1   -1   -1   -1   -1   -1   -1   -1   -1   -1   -1   -1   -1   -1   -1   -1   -1   -1   -1   -1   -1   -1   -1   -1   -1   -1   -1   -1   -1   -1   -1   -1   -1   -1   -1   -1   -1   -1
  11 0.0895071 0.500261   90   83   72   56    8   36   93   75    1   20   13   41   39   85   74   67   30    5   33   38   95   66   22   61    0   87    7   76   27   16   97   14   53   35   88   81    9   86   26    4   63    6   80   78   71    2   62   -1   -1   -1   -1   -1   -1   -1   -1   -1   -1   -1   -1   -1   -1   -1   -1   -1   -1   -1   -1   -1   -1   -1   -1   -1   -1   -1   -1   -1   -1   -1   -1   -1   -1   -1   -1   -1   -1   -1   -1   -1   -1   -1   -1   -1   -1   -1   -1   -1   -1   -1   -1
  12 0.698463 0.615318   59   50   90   41   32   72   71   10   25   16   52   92   51   42   73   64   99   17    8   53   84   43   34   65   28   27   18   54   94   45    3   36    2   19   56   55   37   77   68   30   57   48    0   88   47   87   38   69   96   31   58    7   89   40   79   70   24   60   -1   -1   -1   -1   -1   -1   -1   -1   -1   -1   -1   -1   -1   -1   -1   -1   -1   -1   -1   -1   -1   -1   -1   -1   -1   -1   -1   -1   -1   -1   -1   -1   -1   -1   -1   -1   -1   -1   -1   -1   -1
  13 0.0542703 0.574286   20   63   56    1   35   85    5   78   71   26   41   11   61   33   90   83   76    8   53   30   16   97    9   95   88    2   81   74   67    6   22    7   87   80   66   14    0    4   93   86   72   27   -1   -1   -1   -1   -1   -1   -1   -1   -1   -1   -1   -1   -1   -1   -1   -1   -1   -1   -1   -1   -1   -1   -1   -1   -1   -1   -1   -1   -1   -1   -1   -1   -1   -1   -1   -1   -1   -1   -1   -1   -1   -1   -1   -1   -1   -1   -1   -1   -1   -1   -1   -1   -1   -1   -1   -1   -1
  14 0.119052 0.48223   74    0   95   38   41    4   30   75   85    7   39   56    2   98   20    6   72   83   90   93   36   80    9   62   26    8   71   78   81   88   35   63   11   97   16   27   86   53   66   76   13   87   33    1   61   15   22   67   -1   -1   -1   -1   -1   -1   -1   -1   -1   -1   -1   -1   -1   -1   -1   -1   -1   -1   -1   -1   -1   -1   -1   -1   -1   -1   -1   -1   -1   -1   -1   -1   -1   -1   -1   -1   -1   -1   -1   -1   -1   -1   -1   -1   -1   -1   -1   -1   -1   -1   -1
  15 0.303837 0.0296168   30   46   95   16   67   81   41    9   97   66   75   35    2   62   21   83   88   20   29   26   56    8   98    1   39   44   93   53   22   78   38   14   61   -1   -1   -1   -1   -1   -1   -1   -1   -1   -1   -1   -1   -1   -1   -1   -1   -1   -1   -1   -1   -1   -1   -1   -1   -1   -1   -1   -1   -1   -1   -1   -1   -1   -1   -1   -1   -1   -1   -1   -1   -1   -1   -1   -1   -1   -1   -1   -1   -1   -1   -1   -1   -1   -1   -1   -1   -1   -1   -1   -1   -1   -1   -1   -1   -1   -1
  16 0.370395 0.305955   47   38   20    1   12   83   65   41   15   39   30   10   21    8   93   75   66    7   22   61   76   67   43   97   88   95   86   62    2   53   68   44   35   13   26    0   11   98   14   80   56   87    9   78   45   36   27   90   81    6   48   46   73   71   -1   -1   -1   -1   -1   -1   -1   -1   -1   -1   -1   -1   -1   -1   -1   -1   -1   -1   -1   -1   -1   -1   -1   -1   -1   -1   -1   -1   -1   -1   -1   -1   -1   -1   -1   -1   -1   -1   -1   -1   -1   -1   -1   -1   -1
  17 0.970005 0.510984   57   50   43   23   91   92   56   49   42   36   12    3   77   70   48   10   34   28   21   96   89   82   69   55   68   54   47   32   25   18   73   59   60    0   24   65   58   51   52   45   31   99   -1   -1   -1   -1   -1   -1   -1   -1   -1   -1   -1   -1   -1   -1   -1   -1   -1   -1   -1   -1   -1   -1   -1   -1   -1   -1   -1   -1   -1   -1   -1   -1   -1   -1   -1   -1   -1   -1   -1   -1   -1   -1   -1   -1   -1   -1   -1   -1   -1   -1   -1   -1   -1   -1   -1   -1   -1
  18 0.770517 0.649109   84   60   79   55   70   65   32   27   99   90   52   71   47   24   19   96   58   77   68   30   25   12   88   59   50   69   45   36   31    7   94   89   56   17   51   42   37   28    3   57   48   43   34   10   92    0   54   73   64   40   -1   -1   -1   -1   -1   -1   -1   -1   -1   -1   -1   -1   -1   -1   -1   -1   -1   -1   -1   -1   -1   -1   -1   -1   -1   -1   -1   -1   -1   -1   -1   -1   -1   -1   -1   -1   -1   -1   -1   -1   -1   -1   -1   -1   -1   -1   -1   -1   -1
  19 0.689153 0.940636   96    0   34   48   57   71   90   99   28   37   42   51   18   65   70   79   84    4   36   45   50   59   64   73   92    7   25   58   12   72    3   24   52   89   94   27   55   60   69   40   77   -1   -1   -1   -1   -1   -1   -1   -1   -1   -1   -1   -1   -1   -1   -1   -1   -1   -1   -1   -1   -1   -1   -1   -1   -1   -1   -1   -1   -1   -1   -1   -1   -1   -1   -1   -1   -1   -1   -1   -1   -1   -1   -1   -1   -1   -1   -1   -1   -1   -1   -1   -1   -1   -1   -1   -1   -1   -1
  20 0.170586 0.349333   75   13   16   39   53   83   90   97    0   11   14    9   78   61   85   98   26   33    6   62   86   93   27   41   15   87    1   22   36   35   66   73   56   80   95    8   30   44   67   81   88   38    2   76   -1   -1   -1   -1   -1   -1   -1   -1   -1   -1   -1   -1   -1   -1   -1   -1   -1   -1   -1   -1   -1   -1   -1   -1   -1   -1   -1   -1   -1   -1   -1   -1   -1   -1   -1   -1   -1   -1   -1   -1   -1   -1   -1   -1   -1   -1   -1   -1   -1   -1   -1   -1   -1   -1   -1
  21 0.749205 0.100612   46   48   75   45   54   16   56   65   44   53   62   73   17   82   91   23   15   43   31   60   98   30   39   32   10   41   59   68   29   38   47   49    8   -1   -1   -1   -1   -1   -1   -1   -1   -1   -1   -1   -1   -1   -1   -1   -1   -1   -1   -1   -1   -1   -1   -1   -1   -1   -1   -1   -1   -1   -1   -1   -1   -1   -1   -1   -1   -1   -1   -1   -1   -1   -1   -1   -1   -1   -1   -1   -1   -1   -1   -1   -1   -1   -1   -1   -1   -1   -1   -1   -1   -1   -1   -1   -1   -1   -1
  22 0.0403913 0.283878   30   35   75   66   61    8   87    6   97   41   67   53   93   16   56    1   26   38   78   11   88   83   27   44   39   62   20   80   98    2   13   76   81   15   95   14   86    9   -1   -1   -1   -1   -1   -1   -1   -1   -1   -1   -1   -1   -1   -1   -1   -1   -1   -1   -1   -1   -1   -1   -1   -1   -1   -1   -1   -1   -1   -1   -1   -1   -1   -1   -1   -1   -1   -1   -1   -1   -1   -1   -1   -1   -1   -1   -1   -1   -1   -1   -1   -1   -1   -1   -1   -1   -1   -1   -1   -1   -1
  23 0.940827 0.104602   17   47   65   98   46   60   21   10   29   91   43   32   54   68   31   45   49   82   59   73   -1   -1   -1   -1   -1   -1   -1   -1   -1   -1   -1   -1   -1   -1   -1   -1   -1   -1   -1   -1   -1   -1   -1   -1   -1   -1   -1   -1   -1   -1   -1   -1   -1   -1   -1   -1   -1   -1   -1   -1   -1   -1   -1   -1   -1   -1   -1   -1   -1   -1   -1   -1   -1   -1   -1   -1   -1   -1   -1   -1   -1   -1   -1   -1   -1   -1   -1   -1   -1   -1   -1   -1   -1   -1   -1   -1   -1   -1   -1
  24 0.957626 0.778373   28   99   70   77   37   84   51   58   18   45   92   52   59   10   65   32   79   60   31    0   73   40   47   94    3   25   96   19   34   48   55   17   68   42   89   69   36   12   43   50   57   -1   -1   -1   -1   -1   -1   -1   -1   -1   -1   -1   -1   -1   -1   -1   -1   -1   -1   -1   -1   -1   -1   -1   -1   -1   -1   -1   -1   -1   -1   -1   -1   -1   -1   -1   -1   -1   -1   -1   -1   -1   -1   -1   -1   -1   -1   -1   -1   -1   -1   -1   -1   -1   -1   -1   -1   -1   -1
  25 0.754947 0.905729    7   58   65   12   84   48   57   99   64   73   92   37   55   71   72   18   90    3   36   45   27   19   28   70   79   89   34   24    0   96   17   69   42   51   52   68   77   50   59   60   94   40   -1   -1   -1   -1   -1   -1   -1   -1   -1   -1   -1   -1   -1   -1   -1   -1   -1   -1   -1   -1   -1   -1   -1   -1   -1   -1   -1   -1   -1   -1   -1   -1   -1   -1   -1   -1   -1   -1   -1   -1   -1   -1   -1   -1   -1   -1   -1   -1   -1   -1   -1   -1   -1   -1   -1   -1   -1
  26 0.155775 0.216583   67    2   13   75   35   93   53   27   98   83   61    6   20   78   38   22   80   30   14    9   15   16   39   86   81   41   88    1    8   97   76   87   11   56   66   44   95   62   -1   -1   -1   -1   -1   -1   -1   -1   -1   -1   -1   -1   -1   -1   -1   -1   -1   -1   -1   -1   -1   -1   -1   -1   -1   -1   -1   -1   -1   -1   -1   -1   -1   -1   -1   -1   -1   -1   -1   -1   -1   -1   -1   -1   -1   -1   -1   -1   -1   -1   -1   -1   -1   -1   -1   -1   -1   -1   -1   -1   -1
  27 0.364804 0.654102   72   65   70   95   84   45    5   34   48   18   28   64   10   89   94   87   37   51   26    2    7   74   88   86   47   36   61   12   30   66    4   80   25   41    1   53    6   20   96   22   76   90   83   11   40   33   38   63   52   14   16   79   68   93   19   62    8   73   78    0   71   85   35   56   13   -1   -1   -1   -1   -1   -1   -1   -1   -1   -1   -1   -1   -1   -1   -1   -1   -1   -1   -1   -1   -1   -1   -1   -1   -1   -1   -1   -1   -1   -1   -1   -1   -1   -1
  28 0.824916 0.832748   24    0   73   64   40   27    3   19   65   32   17   12   42   89   55   96   25   77   68   43   90   34   57   48    7   18   69   45   92   36   58   10   79   70   37   84   60   59   50   31   99   71   47   94   52   51   -1   -1   -1   -1   -1   -1   -1   -1   -1   -1   -1   -1   -1   -1   -1   -1   -1   -1   -1   -1   -1   -1   -1   -1   -1   -1   -1   -1   -1   -1   -1   -1   -1   -1   -1   -1   -1   -1   -1   -1   -1   -1   -1   -1   -1   -1   -1   -1   -1   -1   -1   -1   -1
  29 0.796365 0.00969656   44   62    8   82   43   54   98   31   23   75   68   47   15   30   46   39   32   73   91   21   45   38   56   10   49   65   -1   -1   -1   -1   -1   -1   -1   -1   -1   -1   -1   -1   -1   -1   -1   -1   -1   -1   -1   -1   -1   -1   -1   -1   -1   -1   -1   -1   -1   -1   -1   -1   -1   -1   -1   -1   -1   -1   -1   -1   -1   -1   -1   -1   -1   -1   -1   -1   -1   -1   -1   -1   -1   -1   -1   -1   -1   -1   -1   -1   -1   -1   -1   -1   -1   -1   -1   -1   -1   -1   -1   -1   -1
  30 0.468823 0.363895   15   22   56   75   35   45   31   14   98   16   87   54   65   32   43    1    8   95    0   55   70   62   73   11   18   27   96   10   71   78   38   41   26    2   13   97   83   90   93   53   68   60   29   39   46   12   21   80   66   61   76   36   47   20    7   81   88   48   67   59   44    6   -1   -1   -1   -1   -1   -1   -1   -1   -1   -1   -1   -1   -1   -1   -1   -1   -1   -1   -1   -1   -1   -1   -1   -1   -1   -1   -1   -1   -1   -1   -1   -1   -1   -1   -1   -1   -1
  31 0.928881 0.384512   82   91   73   54   30   36   45   49   48   47   96   24    0   68   29   77   51   56   18   46   21   10   50   59   32   70   23   58   12   28   17   65   55   60   34   43   -1   -1   -1   -1   -1   -1   -1   -1   -1   -1   -1   -1   -1   -1   -1   -1   -1   -1   -1   -1   -1   -1   -1   -1   -1   -1   -1   -1   -1   -1   -1   -1   -1   -1   -1   -1   -1   -1   -1   -1   -1   -1   -1   -1   -1   -1   -1   -1   -1   -1   -1   -1   -1   -1   -1   -1   -1   -1   -1   -1   -1   -1   -1
  32 0.863822 0.41264   54   77   68   91   12   82   96   10   18   43   34   48   55   30   28   58   49   70   98   24   45   36   59   50   73   46   60   51   65   17   23   31   47    0   38   52   21   29   89   56   -1   -1   -1   -1   -1   -1   -1   -1   -1   -1   -1   -1   -1   -1   -1   -1   -1   -1   -1   -1   -1   -1   -1   -1   -1   -1   -1   -1   -1   -1   -1   -1   -1   -1   -1   -1   -1   -1   -1   -1   -1   -1   -1   -1   -1   -1   -1   -1   -1   -1   -1   -1   -1   -1   -1   -1   -1   -1   -1
  33 0.126559 0.822999   74   86   40   85   72   90   13   20   11   64   63   71   88   27    6    4   37   80    2    0    7   35   76   14    5   87   -1   -1   -1   -1   -1   -1   -1   -1   -1   -1   -1   -1   -1   -1   -1   -1   -1   -1   -1   -1   -1   -1   -1   -1   -1   -1   -1   -1   -1   -1   -1   -1   -1   -1   -1   -1   -1   -1   -1   -1   -1   -1   -1   -1   -1   -1   -1   -1   -1   -1   -1   -1   -1   -1   -1   -1   -1   -1   -1   -1   -1   -1   -1   -1   -1   -1   -1   -1   -1   -1   -1   -1   -1
  34 0.803796 0.801136   57   19   27   48   84   32   45   36   90    7   12   17   42   37   60   55   73   64    3   43   52   79   70   65   28   25   40   58   24   71   94   89   59   50   77   10   18   68   99   47   51   69   92   31    0   96   -1   -1   -1   -1   -1   -1   -1   -1   -1   -1   -1   -1   -1   -1   -1   -1   -1   -1   -1   -1   -1   -1   -1   -1   -1   -1   -1   -1   -1   -1   -1   -1   -1   -1   -1   -1   -1   -1   -1   -1   -1   -1   -1   -1   -1   -1   -1   -1   -1   -1   -1   -1   -1
  35 0.106983 0.360497   22   30   13   56   80   38   76   26    9   83   88   41   98   15   53    6   78    2   61   85   90   67    8   16   14   93   66   20   75   11    1   87   33   97   27   81   62   86   39   95   44   -1   -1   -1   -1   -1   -1   -1   -1   -1   -1   -1   -1   -1   -1   -1   -1   -1   -1   -1   -1   -1   -1   -1   -1   -1   -1   -1   -1   -1   -1   -1   -1   -1   -1   -1   -1   -1   -1   -1   -1   -1   -1   -1   -1   -1   -1   -1   -1   -1   -1   -1   -1   -1   -1   -1   -1   -1   -1
  36 0.579261 0.573351   41   80   70   77    2   31   54   11   88   71   34   17   98   55    0   62   37   43   89   14   64   79   19   27   99   32   48    7   25   38   45   84   12   90   65   72   10   18   56   39   85   66   73   20    3   28   50    8   16   47    1   68   30   52   51   58   40   87   94   75   96   24   53   60   59   -1   -1   -1   -1   -1   -1   -1   -1   -1   -1   -1   -1   -1   -1   -1   -1   -1   -1   -1   -1   -1   -1   -1   -1   -1   -1   -1   -1   -1   -1   -1   -1   -1   -1
  37 0.536171 0.945865   87   80   89   42   24    4   88   19   27    7   25   36   52   85   94    5   71   34   40   64   73    0   51   84   70   79   72   99    3   50   12   92   69   18   33   58   77   28   55   48   57   90   96   -1   -1   -1   -1   -1   -1   -1   -1   -1   -1   -1   -1   -1   -1   -1   -1   -1   -1   -1   -1   -1   -1   -1   -1   -1   -1   -1   -1   -1   -1   -1   -1   -1   -1   -1   -1   -1   -1   -1   -1   -1   -1   -1   -1   -1   -1   -1   -1   -1   -1   -1   -1   -1   -1   -1   -1
  38 0.416935 0.21533    8   16   97   14   53   44   39   35   81   67   56   10   45   95   73   48   43   87   78   65   11   36    1   26   62   22   30   90   93    0   98   54   41   27   91   32   76   12    2   46    6   88   83   68   21   29    9   61   15   47   80   20   75   66   -1   -1   -1   -1   -1   -1   -1   -1   -1   -1   -1   -1   -1   -1   -1   -1   -1   -1   -1   -1   -1   -1   -1   -1   -1   -1   -1   -1   -1   -1   -1   -1   -1   -1   -1   -1   -1   -1   -1   -1   -1   -1   -1   -1   -1
  39 0.415275 0.144659   38   53   93   20   43   83   65    8   16   14   98   45   75   11    1   10   62   95   44   67   54   47   87   36   66   26   22   30   56   46    0   68   21   29   97    9   15   48   88   41   81   78    2   61   35   91   73   -1   -1   -1   -1   -1   -1   -1   -1   -1   -1   -1   -1   -1   -1   -1   -1   -1   -1   -1   -1   -1   -1   -1   -1   -1   -1   -1   -1   -1   -1   -1   -1   -1   -1   -1   -1   -1   -1   -1   -1   -1   -1   -1   -1   -1   -1   -1   -1   -1   -1   -1   -1
  40 0.561683 0.873128   99   88   70   77   52   28   33    5   89   64   71   60    3   42   37   90   65   72   79   84   73   48   24   55    0   96   34   85   27   92   56   45    4   68   50   57    7   36   12   80   87   94   18   69   19   51   58   25   -1   -1   -1   -1   -1   -1   -1   -1   -1   -1   -1   -1   -1   -1   -1   -1   -1   -1   -1   -1   -1   -1   -1   -1   -1   -1   -1   -1   -1   -1   -1   -1   -1   -1   -1   -1   -1   -1   -1   -1   -1   -1   -1   -1   -1   -1   -1   -1   -1   -1   -1
  41 0.358472 0.282223   36   43   12   44   14   86   95   16   56   73   22   13   15   98   35   11   97   10   83   93   53   62    8   27   30    6   20   61   78   47   26    2    9   38    0   81   90   67   68   21   46   39   80   66   75    1   76   45   87   88   48   65   -1   -1   -1   -1   -1   -1   -1   -1   -1   -1   -1   -1   -1   -1   -1   -1   -1   -1   -1   -1   -1   -1   -1   -1   -1   -1   -1   -1   -1   -1   -1   -1   -1   -1   -1   -1   -1   -1   -1   -1   -1   -1   -1   -1   -1   -1   -1
  42 0.946871 0.977035   60   37   94   89   12   17   50   19   40   84   70   51   34   58   28   99   92   59   96    3   79   18   25   69   55   57   24   77   52   -1   -1   -1   -1   -1   -1   -1   -1   -1   -1   -1   -1   -1   -1   -1   -1   -1   -1   -1   -1   -1   -1   -1   -1   -1   -1   -1   -1   -1   -1   -1   -1   -1   -1   -1   -1   -1   -1   -1   -1   -1   -1   -1   -1   -1   -1   -1   -1   -1   -1   -1   -1   -1   -1   -1   -1   -1   -1   -1   -1   -1   -1   -1   -1   -1   -1   -1   -1   -1   -1
  43 0.835558 0.342128   41   17   82   58   75   51   10   32   39   29   30   50   36   12   38   60   77   16   21   96   34   45   28   62   55   68   23    8   98   91   56   73   18   49   54   47   59   48   65   70   46   24    0   31   -1   -1   -1   -1   -1   -1   -1   -1   -1   -1   -1   -1   -1   -1   -1   -1   -1   -1   -1   -1   -1   -1   -1   -1   -1   -1   -1   -1   -1   -1   -1   -1   -1   -1   -1   -1   -1   -1   -1   -1   -1   -1   -1   -1   -1   -1   -1   -1   -1   -1   -1   -1   -1   -1   -1
  44 0.337147 0.0315972   29   41   38   93   83   56   46   21    9   75   66   39   95   67   16    1   22   97   88   78   98   15   61   20    8   26    2   30   81   62   35   53   -1   -1   -1   -1   -1   -1   -1   -1   -1   -1   -1   -1   -1   -1   -1   -1   -1   -1   -1   -1   -1   -1   -1   -1   -1   -1   -1   -1   -1   -1   -1   -1   -1   -1   -1   -1   -1   -1   -1   -1   -1   -1   -1   -1   -1   -1   -1   -1   -1   -1   -1   -1   -1   -1   -1   -1   -1   -1   -1   -1   -1   -1   -1   -1   -1   -1   -1
  45 0.774667 0.490394   54   71    8   47    2   27   30   31    7   98   91   60   77   53   70   21   46   34   38   24   39    0   90   59   52   69   19   32   96   89   25   82   36   58   75   12   51   68   18   43   88   50   28    3   94   40   16   56   73   49   23   10   29   62   79   55   48   65   41   17   99   -1   -1   -1   -1   -1   -1   -1   -1   -1   -1   -1   -1   -1   -1   -1   -1   -1   -1   -1   -1   -1   -1   -1   -1   -1   -1   -1   -1   -1   -1   -1   -1   -1   -1   -1   -1   -1   -1
  46 0.751668 0.0263419   21   68   15    8   45   59   23   44   49   56   10   47   54   75   82   32   31   62   65   30   39   29   41   38   73   91   98   16   43   -1   -1   -1   -1   -1   -1   -1   -1   -1   -1   -1   -1   -1   -1   -1   -1   -1   -1   -1   -1   -1   -1   -1   -1   -1   -1   -1   -1   -1   -1   -1   -1   -1   -1   -1   -1   -1   -1   -1   -1   -1   -1   -1   -1   -1   -1   -1   -1   -1   -1   -1   -1   -1   -1   -1   -1   -1   -1   -1   -1   -1   -1   -1   -1   -1   -1   -1   -1   -1   -1
  47 0.739923 0.384485   16   45   52   23   58   82   91   96    1   18   70   55   60   90    8   27   65   54   31   98   46   49   10   73   62   24   39    0   29   41   17   48   32   36   12    2   30   66   51   43   75   56   89   21   34   38   68   53   77   50   59   28   88   -1   -1   -1   -1   -1   -1   -1   -1   -1   -1   -1   -1   -1   -1   -1   -1   -1   -1   -1   -1   -1   -1   -1   -1   -1   -1   -1   -1   -1   -1   -1   -1   -1   -1   -1   -1   -1   -1   -1   -1   -1   -1   -1   -1   -1   -1
  48 0.662088 0.531101   77   68   21   96   34   19   27   58   89   32   80   87   25   59   50   90   79   70   17   98   38   31   60   36   51   73   64   71    1   99   40   52   92   28   65   47   24    7   62   53   84   75   12   66   10   18    3   39   56    8   16   54   94   37   45   30   43    2   88   55   41    0   -1   -1   -1   -1   -1   -1   -1   -1   -1   -1   -1   -1   -1   -1   -1   -1   -1   -1   -1   -1   -1   -1   -1   -1   -1   -1   -1   -1   -1   -1   -1   -1   -1   -1   -1   -1   -1
  49 0.910169 0.0610116   73   17   65   31   32   46   91   47   98   45   54   82   75   43   23   59   21   29   10   68   -1   -1   -1   -1   -1   -1   -1   -1   -1   -1   -1   -1   -1   -1   -1   -1   -1   -1   -1   -1   -1   -1   -1   -1   -1   -1   -1   -1   -1   -1   -1   -1   -1   -1   -1   -1   -1   -1   -1   -1   -1   -1   -1   -1   -1   -1   -1   -1   -1   -1   -1   -1   -1   -1   -1   -1   -1   -1   -1   -1   -1   -1   -1   -1   -1   -1   -1   -1   -1   -1   -1   -1   -1   -1   -1   -1   -1   -1   -1
  50 0.936061 0.806115   96   12   17   94   89    3   42   60   55   43   48    0   52   92   73   19   32   58   10   18   84   79   70   65   37   45   59   31   71   36   51   34   77   68   40   28   99   25   57   47   69   24    7   -1   -1   -1   -1   -1   -1   -1   -1   -1   -1   -1   -1   -1   -1   -1   -1   -1   -1   -1   -1   -1   -1   -1   -1   -1   -1   -1   -1   -1   -1   -1   -1   -1   -1   -1   -1   -1   -1   -1   -1   -1   -1   -1   -1   -1   -1   -1   -1   -1   -1   -1   -1   -1   -1   -1   -1
  51 0.835666 0.758084   71   90   59   43   24   12   65   70   79   84   58   19   27   64   73   42   92   52   48    0   37   45   55   60   31   32   89   94   10   18   96   25   69   50   57   47    7   36   99   17   68   77   56   34    3   40   28   -1   -1   -1   -1   -1   -1   -1   -1   -1   -1   -1   -1   -1   -1   -1   -1   -1   -1   -1   -1   -1   -1   -1   -1   -1   -1   -1   -1   -1   -1   -1   -1   -1   -1   -1   -1   -1   -1   -1   -1   -1   -1   -1   -1   -1   -1   -1   -1   -1   -1   -1   -1
  52 0.677173 0.83417   70   77   84   90   47   40   55    7   12   99   71   85   10   18   92   24   37   45   64   79   50   51    3   56   65   72   94   34   57   48    0   73   19   27   58    4   32   96   25   68   88   60   36   59   17   42   69   89   28   -1   -1   -1   -1   -1   -1   -1   -1   -1   -1   -1   -1   -1   -1   -1   -1   -1   -1   -1   -1   -1   -1   -1   -1   -1   -1   -1   -1   -1   -1   -1   -1   -1   -1   -1   -1   -1   -1   -1   -1   -1   -1   -1   -1   -1   -1   -1   -1   -1   -1
  53 0.328962 0.349067   62   38   39   65   83   20   61   45   26   22   71   73   12   21   10   98   35   81   90   41   13   97    2   27   78   87    8   16   80   30   68   11   86   48   95   88    0    9   14   15   67   76   85   56    1    6   47    7   66   75   36   44   93   -1   -1   -1   -1   -1   -1   -1   -1   -1   -1   -1   -1   -1   -1   -1   -1   -1   -1   -1   -1   -1   -1   -1   -1   -1   -1   -1   -1   -1   -1   -1   -1   -1   -1   -1   -1   -1   -1   -1   -1   -1   -1   -1   -1   -1   -1
  54 0.902573 0.213778   32   45   56   31   36   21   29   30   73   91   82   62   98   47   65   12   46   39   17   60   55   38   23   49   43   77   48   68   59   10   18   75   -1   -1   -1   -1   -1   -1   -1   -1   -1   -1   -1   -1   -1   -1   -1   -1   -1   -1   -1   -1   -1   -1   -1   -1   -1   -1   -1   -1   -1   -1   -1   -1   -1   -1   -1   -1   -1   -1   -1   -1   -1   -1   -1   -1   -1   -1   -1   -1   -1   -1   -1   -1   -1   -1   -1   -1   -1   -1   -1   -1   -1   -1   -1   -1   -1   -1   -1
  55 0.887694 0.607623    0   65   10   18   94   52   32   50   89   47    7   36   25   77   30   34   57   28   17   69   51   56    3   40   12   96   79   68   54   59   43   24   99   42   71   92   58   19   37   45   73   70   84   60   31   48   -1   -1   -1   -1   -1   -1   -1   -1   -1   -1   -1   -1   -1   -1   -1   -1   -1   -1   -1   -1   -1   -1   -1   -1   -1   -1   -1   -1   -1   -1   -1   -1   -1   -1   -1   -1   -1   -1   -1   -1   -1   -1   -1   -1   -1   -1   -1   -1   -1   -1   -1   -1   -1
  56 0.505882 0.38613   54   13   30    6   35   11   67   81   88   95   41   17   21   38   14   68   44   75   58   89   96    1   46   22   76   52   59   83   90   97   55   31    7   70   77   60   36   91   12   98   18   39   40   15   71   16   78   61   20   45   26   43    2   65   47   48   62    0   93   53   29   51   10   27   66   73   80   32   87    8   -1   -1   -1   -1   -1   -1   -1   -1   -1   -1   -1   -1   -1   -1   -1   -1   -1   -1   -1   -1   -1   -1   -1   -1   -1   -1   -1   -1   -1
  57 0.948106 0.977797   59   17   60   69   34   19   58   25   77   96   94   55   84   52   28   92   12   42   18   99   51    3   40   70   37   79   50   89   24   -1   -1   -1   -1   -1   -1   -1   -1   -1   -1   -1   -1   -1   -1   -1   -1   -1   -1   -1   -1   -1   -1   -1   -1   -1   -1   -1   -1   -1   -1   -1   -1   -1   -1   -1   -1   -1   -1   -1   -1   -1   -1   -1   -1   -1   -1   -1   -1   -1   -1   -1   -1   -1   -1   -1   -1   -1   -1   -1   -1   -1   -1   -1   -1   -1   -1   -1   -1   -1   -1
  58 0.862383 0.726377   25   68   79   43   99   47   48   24    0   57   69   94   89   51   96    3   56   32   42   77   60   18   84   45   50   92   19   64   34   10   52   28   37   70   65   59   90   55   31    7   36   12   17   71   73   40   -1   -1   -1   -1   -1   -1   -1   -1   -1   -1   -1   -1   -1   -1   -1   -1   -1   -1   -1   -1   -1   -1   -1   -1   -1   -1   -1   -1   -1   -1   -1   -1   -1   -1   -1   -1   -1   -1   -1   -1   -1   -1   -1   -1   -1   -1   -1   -1   -1   -1   -1   -1   -1
  59 0.909613 0.49823   12   57   51    3   79   68   82   96   46   73   48   24   92    0   45   99   19   65   56   70   32   42   18   89   50   55   60   31   17   21   58   34   10   77   52   91   28   49   25   54   30   43   47   69   23   36   -1   -1   -1   -1   -1   -1   -1   -1   -1   -1   -1   -1   -1   -1   -1   -1   -1   -1   -1   -1   -1   -1   -1   -1   -1   -1   -1   -1   -1   -1   -1   -1   -1   -1   -1   -1   -1   -1   -1   -1   -1   -1   -1   -1   -1   -1   -1   -1   -1   -1   -1   -1   -1
  60 0.909002 0.563615   57   42   18   69   92   45   96   50   47   23   40   79   70   58   34   10   43   48   24    0   94   51    3   56   73   32   99   21   54   30   59   65   17   19   52   28   89   25   55   31   77   68   36   12   -1   -1   -1   -1   -1   -1   -1   -1   -1   -1   -1   -1   -1   -1   -1   -1   -1   -1   -1   -1   -1   -1   -1   -1   -1   -1   -1   -1   -1   -1   -1   -1   -1   -1   -1   -1   -1   -1   -1   -1   -1   -1   -1   -1   -1   -1   -1   -1   -1   -1   -1   -1   -1   -1   -1
  61 0.103302 0.309238   67   22   53   62   66   20   13   26   90    2   83   27   16   78   35   11   41   95   88   81   56    8    1   76   30   87    6   80   98   44   75    9   93   38   86   14   39   97   15   -1   -1   -1   -1   -1   -1   -1   -1   -1   -1   -1   -1   -1   -1   -1   -1   -1   -1   -1   -1   -1   -1   -1   -1   -1   -1   -1   -1   -1   -1   -1   -1   -1   -1   -1   -1   -1   -1   -1   -1   -1   -1   -1   -1   -1   -1   -1   -1   -1   -1   -1   -1   -1   -1   -1   -1   -1   -1   -1   -1
  62 0.404826 0.204835   53   29   83   90   93   10   68   61   80   91   66   76   97   36   21   54   81   30   88    6   67   39   15   20   41   38   14   75   47   16    1   87   46   22   65   43   48    0    9   95   73   27   98   56    8   45   26    2   78   35   11   44   -1   -1   -1   -1   -1   -1   -1   -1   -1   -1   -1   -1   -1   -1   -1   -1   -1   -1   -1   -1   -1   -1   -1   -1   -1   -1   -1   -1   -1   -1   -1   -1   -1   -1   -1   -1   -1   -1   -1   -1   -1   -1   -1   -1   -1   -1   -1
  63 0.0289277 0.928312   76   13    7   80    4   85   64    6   90   72   33   14   27   87   11   86   74    5   71   -1   -1   -1   -1   -1   -1   -1   -1   -1   -1   -1   -1   -1   -1   -1   -1   -1   -1   -1   -1   -1   -1   -1   -1   -1   -1   -1   -1   -1   -1   -1   -1   -1   -1   -1   -1   -1   -1   -1   -1   -1   -1   -1   -1   -1   -1   -1   -1   -1   -1   -1   -1   -1   -1   -1   -1   -1   -1   -1   -1   -1   -1   -1   -1   -1   -1   -1   -1   -1   -1   -1   -1   -1   -1   -1   -1   -1   -1   -1   -1
  64 0.415057 0.931465    0   92   28   27   12   72   79   40   70   25   84   51   36   52   37   71   94   85   34   19   63   48   33   74   88   58   89   80   87   96   90    7    5   18    3    4   -1   -1   -1   -1   -1   -1   -1   -1   -1   -1   -1   -1   -1   -1   -1   -1   -1   -1   -1   -1   -1   -1   -1   -1   -1   -1   -1   -1   -1   -1   -1   -1   -1   -1   -1   -1   -1   -1   -1   -1   -1   -1   -1   -1   -1   -1   -1   -1   -1   -1   -1   -1   -1   -1   -1   -1   -1   -1   -1   -1   -1   -1   -1
  65 0.773672 0.49019   27   55   73   18   25   91   53   16   23   39    2   51   30   21    0   49   90   28   19   99   12   24   40   79   47   89   82   10   59   38   54    8   98   36   52   71   88   34   50   32   48   46   62   77   70    7   60   96   58   75    3   69   94   56   17   45   31   43   68   29   41   -1   -1   -1   -1   -1   -1   -1   -1   -1   -1   -1   -1   -1   -1   -1   -1   -1   -1   -1   -1   -1   -1   -1   -1   -1   -1   -1   -1   -1   -1   -1   -1   -1   -1   -1   -1   -1   -1
  66 0.263286 0.32211   93   22   67   90   85   61   62   16   78   73   15    0   44   98   88   83   11   27   76   39    8   80   36    6   35   20    1   68   95   48    2   86   81   30   47   97   13   14   41   26   87    9   56   53   38   75   -1   -1   -1   -1   -1   -1   -1   -1   -1   -1   -1   -1   -1   -1   -1   -1   -1   -1   -1   -1   -1   -1   -1   -1   -1   -1   -1   -1   -1   -1   -1   -1   -1   -1   -1   -1   -1   -1   -1   -1   -1   -1   -1   -1   -1   -1   -1   -1   -1   -1   -1   -1   -1
  67 0.133591 0.157964   80   26   76   61   56   38   66   83   88   15   22   11   78   62   16   39   44   35   97    1   93   75   13   41   87    8    6    9   53   20   81   86    2   95   30   98   14   -1   -1   -1   -1   -1   -1   -1   -1   -1   -1   -1   -1   -1   -1   -1   -1   -1   -1   -1   -1   -1   -1   -1   -1   -1   -1   -1   -1   -1   -1   -1   -1   -1   -1   -1   -1   -1   -1   -1   -1   -1   -1   -1   -1   -1   -1   -1   -1   -1   -1   -1   -1   -1   -1   -1   -1   -1   -1   -1   -1   -1   -1
  68 0.68361 0.428198   32   48   58   46   62   88   71   59   82   89   56    7   18   90    2   45   31   91   28   73   29   16    1   17   12   30   55   96    0   43   10   53   23   39   41   66   36   27   52   21   87   24   40   34   25   50   75   38   54    8   51   98   47   49   65   70   77   60   -1   -1   -1   -1   -1   -1   -1   -1   -1   -1   -1   -1   -1   -1   -1   -1   -1   -1   -1   -1   -1   -1   -1   -1   -1   -1   -1   -1   -1   -1   -1   -1   -1   -1   -1   -1   -1   -1   -1   -1   -1
  69 0.951546 0.951807   57   60   58   99   94   45   84    3   70   79   17   55   18   92   37   96   25   28   77   42   51   12   65   19   52   24   40   34   50   89   59   -1   -1   -1   -1   -1   -1   -1   -1   -1   -1   -1   -1   -1   -1   -1   -1   -1   -1   -1   -1   -1   -1   -1   -1   -1   -1   -1   -1   -1   -1   -1   -1   -1   -1   -1   -1   -1   -1   -1   -1   -1   -1   -1   -1   -1   -1   -1   -1   -1   -1   -1   -1   -1   -1   -1   -1   -1   -1   -1   -1   -1   -1   -1   -1   -1   -1   -1   -1
  70 0.638179 0.746551   94   72   36   27   52   18   24   40    2   45   73   51   64   47   19   60   17   42   92   32   87   48   30   10   69   59   99   90   84   79   37   34   25   50   56    7   96   85   71   65    4   88   77   58   31    3   28   89   80   57   12   55    0   43   68   -1   -1   -1   -1   -1   -1   -1   -1   -1   -1   -1   -1   -1   -1   -1   -1   -1   -1   -1   -1   -1   -1   -1   -1   -1   -1   -1   -1   -1   -1   -1   -1   -1   -1   -1   -1   -1   -1   -1   -1   -1   -1   -1   -1
  71 0.440522 0.798074   45   90   51   72   12    0   68   13   19   92   85   36   52   18   40   53    2   84   77   74   37   64   25    7   94   48   87   76   30   65   14   96   89   33   86   70   79   34   50    3   56   88   55    4    5   80   58   11   27   73   28   63   16   -1   -1   -1   -1   -1   -1   -1   -1   -1   -1   -1   -1   -1   -1   -1   -1   -1   -1   -1   -1   -1   -1   -1   -1   -1   -1   -1   -1   -1   -1   -1   -1   -1   -1   -1   -1   -1   -1   -1   -1   -1   -1   -1   -1   -1   -1
  72 0.289721 0.876542   11   74   27   70   12    5   71    4   86   96   64   80   87   14   94   33   76   40   25   88   36   52   37   19   89   63    7   90   79    6   84    2    0   13   85   -1   -1   -1   -1   -1   -1   -1   -1   -1   -1   -1   -1   -1   -1   -1   -1   -1   -1   -1   -1   -1   -1   -1   -1   -1   -1   -1   -1   -1   -1   -1   -1   -1   -1   -1   -1   -1   -1   -1   -1   -1   -1   -1   -1   -1   -1   -1   -1   -1   -1   -1   -1   -1   -1   -1   -1   -1   -1   -1   -1   -1   -1   -1   -1
  73 0.647432 0.47278   91    2    0   49   31   65   28   41   90   70   12   77   96   59   25   38   53   54   66   80   89   75   51   30   21   37   34   50   19   32   48   87   88   24   40   47    7   68   10   60    8   36   52    1   17   20   45   94   43   46   62   29   27   79   55   71   58   18   98   56   16   23   39   -1   -1   -1   -1   -1   -1   -1   -1   -1   -1   -1   -1   -1   -1   -1   -1   -1   -1   -1   -1   -1   -1   -1   -1   -1   -1   -1   -1   -1   -1   -1   -1   -1   -1   -1   -1
  74 0.0124661 0.942923   14   33   72   90   76   80   11   27   71   86    4    6   64   87   13    5   85   63    7   -1   -1   -1   -1   -1   -1   -1   -1   -1   -1   -1   -1   -1   -1   -1   -1   -1   -1   -1   -1   -1   -1   -1   -1   -1   -1   -1   -1   -1   -1   -1   -1   -1   -1   -1   -1   -1   -1   -1   -1   -1   -1   -1   -1   -1   -1   -1   -1   -1   -1   -1   -1   -1   -1   -1   -1   -1   -1   -1   -1   -1   -1   -1   -1   -1   -1   -1   -1   -1   -1   -1   -1   -1   -1   -1   -1   -1   -1   -1   -1
  75 0.428336 0.139799   20   97   30   21   22   43   88   81   14   11   26   91   78   56   10   16   39   73   15    0   83   44    1   45   98   46   62   93   29   67   35   48    2   49   65   95   47   68   41    8   61   36    9   38   53   54   66   -1   -1   -1   -1   -1   -1   -1   -1   -1   -1   -1   -1   -1   -1   -1   -1   -1   -1   -1   -1   -1   -1   -1   -1   -1   -1   -1   -1   -1   -1   -1   -1   -1   -1   -1   -1   -1   -1   -1   -1   -1   -1   -1   -1   -1   -1   -1   -1   -1   -1   -1   -1
  76 0.0481603 0.502074   63   88   87   78    8   67   74    7   35   80   97   62    2   90   81   72    6   13   56   16    1    5   71    4   66   93   83   11   27   38   85   26   61   30   22   53   95   14   86   41   33    9   20   -1   -1   -1   -1   -1   -1   -1   -1   -1   -1   -1   -1   -1   -1   -1   -1   -1   -1   -1   -1   -1   -1   -1   -1   -1   -1   -1   -1   -1   -1   -1   -1   -1   -1   -1   -1   -1   -1   -1   -1   -1   -1   -1   -1   -1   -1   -1   -1   -1   -1   -1   -1   -1   -1   -1   -1
  77 0.889255 0.702271   32   48   36   52   24   40   96   45   94   57   73   17   79   55   71   58   18   43   92   31   28    3   56   84   12    0   65   99   69   70   37   34   50   59   25   54   89   42   51   47    7   68   10   60   19   -1   -1   -1   -1   -1   -1   -1   -1   -1   -1   -1   -1   -1   -1   -1   -1   -1   -1   -1   -1   -1   -1   -1   -1   -1   -1   -1   -1   -1   -1   -1   -1   -1   -1   -1   -1   -1   -1   -1   -1   -1   -1   -1   -1   -1   -1   -1   -1   -1   -1   -1   -1   -1   -1
  78 0.18443 0.212189    2   86   76    6   13    1   87   75   66   20   95    8   67   38   35   26   61   30   22   98   53   83   14   90   41   93   44    9   56   16   80   39   81   88   11   27   15   97   62   -1   -1   -1   -1   -1   -1   -1   -1   -1   -1   -1   -1   -1   -1   -1   -1   -1   -1   -1   -1   -1   -1   -1   -1   -1   -1   -1   -1   -1   -1   -1   -1   -1   -1   -1   -1   -1   -1   -1   -1   -1   -1   -1   -1   -1   -1   -1   -1   -1   -1   -1   -1   -1   -1   -1   -1   -1   -1   -1   -1
  79 0.686675 0.939707   58   18   59   84   90   51   64    7   60   19   48   92   77   36   52   65   24   40   69   70   37   34   50   25   42   94   55   71   72   89   27   28   96    3   45   57   12   73    0   99    4   -1   -1   -1   -1   -1   -1   -1   -1   -1   -1   -1   -1   -1   -1   -1   -1   -1   -1   -1   -1   -1   -1   -1   -1   -1   -1   -1   -1   -1   -1   -1   -1   -1   -1   -1   -1   -1   -1   -1   -1   -1   -1   -1   -1   -1   -1   -1   -1   -1   -1   -1   -1   -1   -1   -1   -1   -1   -1
  80 0.183328 0.626151   67   36   37   87   35   63   48   76   90   62   74   72   73    1    2    0   14   26   83   27    7   53    5    6   66   93    4   64   22   16   78   20   30   96   33   85   61   13   41   11   70   71   88   95   40   86   38   56    8   -1   -1   -1   -1   -1   -1   -1   -1   -1   -1   -1   -1   -1   -1   -1   -1   -1   -1   -1   -1   -1   -1   -1   -1   -1   -1   -1   -1   -1   -1   -1   -1   -1   -1   -1   -1   -1   -1   -1   -1   -1   -1   -1   -1   -1   -1   -1   -1   -1   -1
  81 0.182155 0.125581   75   38   87   56    8    1   15   93   76   62   98   53    2   97   83   14   26   61   13   41   11    6   66    9   22   88   16   39   78   67   20   30   44   35   95   -1   -1   -1   -1   -1   -1   -1   -1   -1   -1   -1   -1   -1   -1   -1   -1   -1   -1   -1   -1   -1   -1   -1   -1   -1   -1   -1   -1   -1   -1   -1   -1   -1   -1   -1   -1   -1   -1   -1   -1   -1   -1   -1   -1   -1   -1   -1   -1   -1   -1   -1   -1   -1   -1   -1   -1   -1   -1   -1   -1   -1   -1   -1   -1
  82 0.981433 0.0543949   32   31   43   47   59   29   68   54   21   65   17   45   46   10   91   49   23   -1   -1   -1   -1   -1   -1   -1   -1   -1   -1   -1   -1   -1   -1   -1   -1   -1   -1   -1   -1   -1   -1   -1   -1   -1   -1   -1   -1   -1   -1   -1   -1   -1   -1   -1   -1   -1   -1   -1   -1   -1   -1   -1   -1   -1   -1   -1   -1   -1   -1   -1   -1   -1   -1   -1   -1   -1   -1   -1   -1   -1   -1   -1   -1   -1   -1   -1   -1   -1   -1   -1   -1   -1   -1   -1   -1   -1   -1   -1   -1   -1   -1
  83 0.152057 0.239691   11   62   16   39   53   67   20    2   44   88   97   35   14   26   61   13   75   41   56    8    6   66   80    9   15   90   22   81   78   76   30   27   93   98   87   38    1   86   95   -1   -1   -1   -1   -1   -1   -1   -1   -1   -1   -1   -1   -1   -1   -1   -1   -1   -1   -1   -1   -1   -1   -1   -1   -1   -1   -1   -1   -1   -1   -1   -1   -1   -1   -1   -1   -1   -1   -1   -1   -1   -1   -1   -1   -1   -1   -1   -1   -1   -1   -1   -1   -1   -1   -1   -1   -1   -1   -1   -1
  84 0.652018 0.993957    5   18   27   52    4   24   34   25   79   51    3   64   42   19   89   96   12   71   58   69   90   36   70   37   57   40   50   85   92   77   48   99   28   72   94   55    7    0   -1   -1   -1   -1   -1   -1   -1   -1   -1   -1   -1   -1   -1   -1   -1   -1   -1   -1   -1   -1   -1   -1   -1   -1   -1   -1   -1   -1   -1   -1   -1   -1   -1   -1   -1   -1   -1   -1   -1   -1   -1   -1   -1   -1   -1   -1   -1   -1   -1   -1   -1   -1   -1   -1   -1   -1   -1   -1   -1   -1   -1
  85 0.205239 0.799149   87   89   13    0   86   14   66   88   71   33   52    4   20   11   94   37    6   96   64   63   35   84   36   70   40   76   80   74    7   53    5   90    2   27   72   -1   -1   -1   -1   -1   -1   -1   -1   -1   -1   -1   -1   -1   -1   -1   -1   -1   -1   -1   -1   -1   -1   -1   -1   -1   -1   -1   -1   -1   -1   -1   -1   -1   -1   -1   -1   -1   -1   -1   -1   -1   -1   -1   -1   -1   -1   -1   -1   -1   -1   -1   -1   -1   -1   -1   -1   -1   -1   -1   -1   -1   -1   -1   -1
  86 0.00298703 0.594747   78   33   41   72   85    9   95    7   27   74    4   87   20    2   90   93   16    1   26   71   53    5   14   11   66   88   63    8   76   67    6   80   61   83   13   22   35   -1   -1   -1   -1   -1   -1   -1   -1   -1   -1   -1   -1   -1   -1   -1   -1   -1   -1   -1   -1   -1   -1   -1   -1   -1   -1   -1   -1   -1   -1   -1   -1   -1   -1   -1   -1   -1   -1   -1   -1   -1   -1   -1   -1   -1   -1   -1   -1   -1   -1   -1   -1   -1   -1   -1   -1   -1   -1   -1   -1   -1   -1
  87 0.219643 0.603647    8   85   76   37    6   80   93    7   90   22   81   48   78   30   27   96   72   70   86   95    0   38   73    1   71   74    4   39   53    5   20   11    2   62   64   63   16   67   12   26   61   68   83   13   88   35   14   36   66   33   40   41   56   -1   -1   -1   -1   -1   -1   -1   -1   -1   -1   -1   -1   -1   -1   -1   -1   -1   -1   -1   -1   -1   -1   -1   -1   -1   -1   -1   -1   -1   -1   -1   -1   -1   -1   -1   -1   -1   -1   -1   -1   -1   -1   -1   -1   -1   -1
  88 0.33804 0.516168   76   95   40    9   75   68   10   97   56    8    1   67   85   36    2   89   37   83    0   35   98   27   90   62    7   72   73    6   66   18   64   22   15   65   16   45   14   33   26   61   44   13   11   53   70   12   71   93   86   52   87   38    4   81   39   78   20   30   80   96   47   48   41   -1   -1   -1   -1   -1   -1   -1   -1   -1   -1   -1   -1   -1   -1   -1   -1   -1   -1   -1   -1   -1   -1   -1   -1   -1   -1   -1   -1   -1   -1   -1   -1   -1   -1   -1   -1
  89 0.667598 0.833758   85   37   50   48   42   27   88   55   40   58    7   68   10   94   56   84   73   36    0   65   28   17   45   99   92   59   25   72   71   18   51    3   64   90   34   19   32   79   24   47   60   70   12   77   96   57   52    4   69   -1   -1   -1   -1   -1   -1   -1   -1   -1   -1   -1   -1   -1   -1   -1   -1   -1   -1   -1   -1   -1   -1   -1   -1   -1   -1   -1   -1   -1   -1   -1   -1   -1   -1   -1   -1   -1   -1   -1   -1   -1   -1   -1   -1   -1   -1   -1   -1   -1   -1
  90 0.368308 0.670896   11   12   71   62   51   52   74   87    4   94   19   73    6   66   20   79   18   80   65   34   95   47   48   45   76   14   33   88   61   40   13   68   25   56   53   70    8   84    5   36   86   83    0   38   35   28   93   63   78   30   27    7   89   41   72   58   64   16    1   85    2   37   96   -1   -1   -1   -1   -1   -1   -1   -1   -1   -1   -1   -1   -1   -1   -1   -1   -1   -1   -1   -1   -1   -1   -1   -1   -1   -1   -1   -1   -1   -1   -1   -1   -1   -1   -1   -1
  91 0.855913 0.031781   73   32   31   65   17   47   98   45   62   75   54   21   49   68   56   23   38   82   43   46   59   29   10   39   -1   -1   -1   -1   -1   -1   -1   -1   -1   -1   -1   -1   -1   -1   -1   -1   -1   -1   -1   -1   -1   -1   -1   -1   -1   -1   -1   -1   -1   -1   -1   -1   -1   -1   -1   -1   -1   -1   -1   -1   -1   -1   -1   -1   -1   -1   -1   -1   -1   -1   -1   -1   -1   -1   -1   -1   -1   -1   -1   -1   -1   -1   -1   -1   -1   -1   -1   -1   -1   -1   -1   -1   -1   -1   -1
  92 0.87559 0.980825   64   17   60   12   71   52   24   59   25   99   70   79   94   51   50    3   42   19   77   58   69   89   48   84   37   57   40   28   55    7    0   96   18   34   -1   -1   -1   -1   -1   -1   -1   -1   -1   -1   -1   -1   -1   -1   -1   -1   -1   -1   -1   -1   -1   -1   -1   -1   -1   -1   -1   -1   -1   -1   -1   -1   -1   -1   -1   -1   -1   -1   -1   -1   -1   -1   -1   -1   -1   -1   -1   -1   -1   -1   -1   -1   -1   -1   -1   -1   -1   -1   -1   -1   -1   -1   -1   -1   -1
  93 0.197066 0.238966   66   62   87   39   11    6   26   44   22   16   81   14   41   20   98    9   86   75   38   95   90   76    1   78   67   30   80   97   83   35    2   27   88   15   56    8   61   13   53   -1   -1   -1   -1   -1   -1   -1   -1   -1   -1   -1   -1   -1   -1   -1   -1   -1   -1   -1   -1   -1   -1   -1   -1   -1   -1   -1   -1   -1   -1   -1   -1   -1   -1   -1   -1   -1   -1   -1   -1   -1   -1   -1   -1   -1   -1   -1   -1   -1   -1   -1   -1   -1   -1   -1   -1   -1   -1   -1   -1
  94 0.625978 0.954987   70   50   55    7    0   90   42   77   27   58   69   89   72   85   37   92   57   64   60   12   71   52    4   24   79   18   51   99    3   34   45   19   73   96   65   48   84    5   36   40   28   25   -1   -1   -1   -1   -1   -1   -1   -1   -1   -1   -1   -1   -1   -1   -1   -1   -1   -1   -1   -1   -1   -1   -1   -1   -1   -1   -1   -1   -1   -1   -1   -1   -1   -1   -1   -1   -1   -1   -1   -1   -1   -1   -1   -1   -1   -1   -1   -1   -1   -1   -1   -1   -1   -1   -1   -1   -1
  95 0.19456 0.242766   98   14   27   88   15   41   56    8    9   86   38   90    1   78   30   87   39   11    2   44   16   93   97   61   13   53   66   20   62   75   76    6   67   26   80   22   83   81   35   -1   -1   -1   -1   -1   -1   -1   -1   -1   -1   -1   -1   -1   -1   -1   -1   -1   -1   -1   -1   -1   -1   -1   -1   -1   -1   -1   -1   -1   -1   -1   -1   -1   -1   -1   -1   -1   -1   -1   -1   -1   -1   -1   -1   -1   -1   -1   -1   -1   -1   -1   -1   -1   -1   -1   -1   -1   -1   -1   -1
  96 0.649513 0.772376   50   19   32   48   77   47   59   60   72   57   73    7   58   87   56   84   18   85    3    4   17    2   45   30   31    0   43   28   42   27   70   55   71   24   40   25   68   69   51   52   64   80   65   94   12   79   92   99   10   89   90   36   37   88   34   -1   -1   -1   -1   -1   -1   -1   -1   -1   -1   -1   -1   -1   -1   -1   -1   -1   -1   -1   -1   -1   -1   -1   -1   -1   -1   -1   -1   -1   -1   -1   -1   -1   -1   -1   -1   -1   -1   -1   -1   -1   -1   -1   -1
  97 0.145401 0.092476   75   38   98    8   88   22   20   76   83    1   62   15   41   56    6   53   16   81    2   67   30   95   13   44   93   11   14   26    9   39   66   35   78   61   -1   -1   -1   -1   -1   -1   -1   -1   -1   -1   -1   -1   -1   -1   -1   -1   -1   -1   -1   -1   -1   -1   -1   -1   -1   -1   -1   -1   -1   -1   -1   -1   -1   -1   -1   -1   -1   -1   -1   -1   -1   -1   -1   -1   -1   -1   -1   -1   -1   -1   -1   -1   -1   -1   -1   -1   -1   -1   -1   -1   -1   -1   -1   -1   -1
  98 0.456601 0.157566   95   97    1    2   91   45   30   23   39    8   29   36   14   41   26   88   35   20   32   48   53   54   81   66   47   75   65   93   78    9   56   10   38   16   21   83   22   49   15    0   43   44   61   46   62   68   73   67   -1   -1   -1   -1   -1   -1   -1   -1   -1   -1   -1   -1   -1   -1   -1   -1   -1   -1   -1   -1   -1   -1   -1   -1   -1   -1   -1   -1   -1   -1   -1   -1   -1   -1   -1   -1   -1   -1   -1   -1   -1   -1   -1   -1   -1   -1   -1   -1   -1   -1   -1
  99 0.930222 0.915941   24   40   58   52   19   18   25   69   12   92   59   65    7   36   42   70   89    3   48   37   60   94   77   55   84   57   51   34   96   50    0   28   79   17   45   -1   -1   -1   -1   -1   -1   -1   -1   -1   -1   -1   -1   -1   -1   -1   -1   -1   -1   -1   -1   -1   -1   -1   -1   -1   -1   -1   -1   -1   -1   -1   -1   -1   -1   -1   -1   -1   -1   -1   -1   -1   -1   -1   -1   -1   -1   -1   -1   -1   -1   -1   -1   -1   -1   -1   -1   -1   -1   -1   -1   -1   -1   -1   -1
