   0 0.498449 0.393805    7    3    8    1    9    2   -1   -1   -1
   1 0.708138 0.774788    6    2    5    9    0   -1   -1   -1   -1
   2 0.479899 0.620583    5    1    9    6    7    0   -1   -1   -1
   3 0.818504 0.0829081    0   -1   -1   -1   -1   -1   -1   -1   -1
   4 0.0198119 0.211099    7    8   -1   -1   -1   -1   -1   -1   -1
   5 0.684429 0.941328    9    6    2    1   -1   -1   -1   -1   -1
   6 0.346205 0.980472    5    1    2   -1   -1   -1   -1   -1   -1
   7 0.315564 0.163638    4    0    2    8   -1   -1   -1   -1   -1
   8 0.165589 0.101569    4    0    7   -1   -1   -1   -1   -1   -1
   9 0.852082 0.621428    5    2    1    0   -1   -1   -1   -1   -1
