   0 0.222607 0.246867   14    5   64   71   85   44   35   58   49    8   15    6   20   74   65   95   86   45   50    7   75   66   89   87   46   37   60   51   10    1   96   22   67   40   11    2   25   97   23   77   68   91   32   62   26   98   17   78   83   42   33    4   27   18   72   84   43   34   57   -1   -1   -1   -1   -1   -1   -1   -1   -1   -1   -1   -1   -1   -1   -1   -1   -1   -1   -1   -1   -1   -1   -1   -1   -1   -1   -1   -1   -1   -1   -1   -1   -1   -1   -1   -1   -1   -1   -1   -1
   1 0.245324 0.703363   64   51   13   98   78   88   32   81   57   50   11   12   23   97   70   95   39   80   49   10    4   22   76    0   87    9    2   27   28   67   68   44   93   86    8   26   20   73   42   92   15   25   65   41   34   83   59   84   60    7   17   -1   -1   -1   -1   -1   -1   -1   -1   -1   -1   -1   -1   -1   -1   -1   -1   -1   -1   -1   -1   -1   -1   -1   -1   -1   -1   -1   -1   -1   -1   -1   -1   -1   -1   -1   -1   -1   -1   -1   -1   -1   -1   -1   -1   -1   -1   -1   -1
   2 0.246946 0.641391   78   73   64   49    8   26   98   70   65   88   83   42   60    9   27   18   76   71   89   80   34   15   96   68   95   86   81    1   58   12    7   25   97    0   92   87   41   32   59   50   13    4   22   17   66   93   84   51   10    5   28   23   67   44   39   57   11   20   -1   -1   -1   -1   -1   -1   -1   -1   -1   -1   -1   -1   -1   -1   -1   -1   -1   -1   -1   -1   -1   -1   -1   -1   -1   -1   -1   -1   -1   -1   -1   -1   -1   -1   -1   -1   -1   -1   -1   -1   -1
   3 0.85945 0.255662   11   90   50   67   72   32   46   84   75   35   40   31    4   87   52   69   61   16   30    7   55   19   24    6   54   63   76   45   27    9   83   48   62   79   39   21    8   82   91   56   33   38   -1   -1   -1   -1   -1   -1   -1   -1   -1   -1   -1   -1   -1   -1   -1   -1   -1   -1   -1   -1   -1   -1   -1   -1   -1   -1   -1   -1   -1   -1   -1   -1   -1   -1   -1   -1   -1   -1   -1   -1   -1   -1   -1   -1   -1   -1   -1   -1   -1   -1   -1   -1   -1   -1   -1   -1   -1
   4 0.55355 0.60859   36   42    7   84   83   65   55   44   25   15   92   73   48    3   19   26    8    1   86   67   49   56   39   46   28   27    9   97   87   94   69   76   75   50   57   32   47   22   29   10   98   80    2   70   52   51   40   23   12   11   99   81   78   53   59   34   41    0   16   13   82   79   54   61   -1   -1   -1   -1   -1   -1   -1   -1   -1   -1   -1   -1   -1   -1   -1   -1   -1   -1   -1   -1   -1   -1   -1   -1   -1   -1   -1   -1   -1   -1   -1   -1   -1   -1   -1
   5 0.09367 0.226773   84    0   32   18   97   17   26   96   91   51   68   60   77   37   11   50   67   45   22   10   87   89   49   66   58   35   44   86   95   65   57   74   34   43   20   15    2    8   85   71   64   14   98   -1   -1   -1   -1   -1   -1   -1   -1   -1   -1   -1   -1   -1   -1   -1   -1   -1   -1   -1   -1   -1   -1   -1   -1   -1   -1   -1   -1   -1   -1   -1   -1   -1   -1   -1   -1   -1   -1   -1   -1   -1   -1   -1   -1   -1   -1   -1   -1   -1   -1   -1   -1   -1   -1   -1   -1
   6 0.675171 0.102561   87   65   56   45   31   90    0   84   79   57   37   14   91   85   76   62   49   40   35   26   97   83   74   63   54   32   21    7    3   89   75   69   46   33   24   72   67   61   52   38   16   11   86   50   44   30    8   -1   -1   -1   -1   -1   -1   -1   -1   -1   -1   -1   -1   -1   -1   -1   -1   -1   -1   -1   -1   -1   -1   -1   -1   -1   -1   -1   -1   -1   -1   -1   -1   -1   -1   -1   -1   -1   -1   -1   -1   -1   -1   -1   -1   -1   -1   -1   -1   -1   -1   -1   -1
   7 0.583313 0.586094   25   22   15    4   97   94   87   63   76   52   69   42   24   86   79   55   44   34   27   16    9    0   99   81   57   78   54   47   36   29   26    3   19    8   98    2   56   73   49   70   46   39    6   28   11   83   59   48   65   41   13   10   61   82   75   51   40   23   12    1   84   53   50   67   32   -1   -1   -1   -1   -1   -1   -1   -1   -1   -1   -1   -1   -1   -1   -1   -1   -1   -1   -1   -1   -1   -1   -1   -1   -1   -1   -1   -1   -1   -1   -1   -1   -1   -1
   8 0.48535 0.337392   63   87   38   45   69   76   97   22    2   11   50   57   81   32    0   39   95   46   77   98   16   23   30   51   58   33   89   40   64   71   78    4   17   24   31   13   52   59   83   90   41   65    7   72   79   18   25   14   60   84   35   91   42   66    1   26   15   54   61   85   43   67   74   20   27    5    9   48   62   86   37    3   44   68   75   96   21   10    6   49   -1   -1   -1   -1   -1   -1   -1   -1   -1   -1   -1   -1   -1   -1   -1   -1   -1   -1   -1
   9 0.637019 0.666024   50   59   46   87   65   36    2   73   19   29    7   48   44   94   99   27   28   55   56    1   42    4   83   84   70   79   98   26   13   32   41   82   92   69   78   16   97   25   11    3   12   53   39   40   81   67    8   23   10   52   61   47   75   76   -1   -1   -1   -1   -1   -1   -1   -1   -1   -1   -1   -1   -1   -1   -1   -1   -1   -1   -1   -1   -1   -1   -1   -1   -1   -1   -1   -1   -1   -1   -1   -1   -1   -1   -1   -1   -1   -1   -1   -1   -1   -1   -1   -1   -1
  10 0.193556 0.593761   97   26   12   86   57   81   32   88   43   67   27   13   87   89   64   22   17    1   60   84   39   95   70   41   65    0   23   25   11   50   85   92    5   71   78   73   98   20    4   51   58   93   44   68    7   28   14   59   83   34    2   76   96    9   18   15   49   80   42   66   77    8   -1   -1   -1   -1   -1   -1   -1   -1   -1   -1   -1   -1   -1   -1   -1   -1   -1   -1   -1   -1   -1   -1   -1   -1   -1   -1   -1   -1   -1   -1   -1   -1   -1   -1   -1   -1   -1
  11 0.403786 0.284645   90   83    3   72   65   98   49    8   54   75   64    1   31   20   13   41   46   39   85   74   67   25   23    5   58   51   40   33   38   95   84   77   66   10   24   17   22   15   50   43   32   89    0   87    7   76   27   16   97   14   60   42   35   81    9   86   79   68   26    4   96   63    6   45   34   91   78   71   18    2   57   62   44   37   -1   -1   -1   -1   -1   -1   -1   -1   -1   -1   -1   -1   -1   -1   -1   -1   -1   -1   -1   -1   -1   -1   -1   -1   -1
  12 0.474024 0.889075   59   41   81   10   98   25   15   92   42   73    1   99   53   93   83   34   28   27   94   36   76    2   29   19   48   88    9   47   78    4   13    7   80   39   70   23   -1   -1   -1   -1   -1   -1   -1   -1   -1   -1   -1   -1   -1   -1   -1   -1   -1   -1   -1   -1   -1   -1   -1   -1   -1   -1   -1   -1   -1   -1   -1   -1   -1   -1   -1   -1   -1   -1   -1   -1   -1   -1   -1   -1   -1   -1   -1   -1   -1   -1   -1   -1   -1   -1   -1   -1   -1   -1   -1   -1   -1   -1   -1
  13 0.534338 0.731479    1   42   92   78   26   19   55   10   48   41   34   11   84   70   25   99   61   47   40   83   76   69    8   98   53   46   39   32   82   23   97    9   59   88    2   81   67   29   22   15    7   51   44   94   87   80   73   12   28   50    4   36   93   79   65   27   -1   -1   -1   -1   -1   -1   -1   -1   -1   -1   -1   -1   -1   -1   -1   -1   -1   -1   -1   -1   -1   -1   -1   -1   -1   -1   -1   -1   -1   -1   -1   -1   -1   -1   -1   -1   -1   -1   -1   -1   -1   -1   -1
  14 0.238062 0.103016   74   77    0   84   95   38   64   75   85   46   49   20   31    6   65   72   83   57   18   91   37   44   62   96   26    8   71   35   45   63   11   97   68   86   89   32   43   10   50   60   17   66   87   33   40   51   58    5   22   67   -1   -1   -1   -1   -1   -1   -1   -1   -1   -1   -1   -1   -1   -1   -1   -1   -1   -1   -1   -1   -1   -1   -1   -1   -1   -1   -1   -1   -1   -1   -1   -1   -1   -1   -1   -1   -1   -1   -1   -1   -1   -1   -1   -1   -1   -1   -1   -1   -1
  15 0.0895527 0.605611    7   64   73   86   95   60   12   25    0    4   67   32   81   41   97   66   80    2   89   49   18   27   96   68   77   34   11   43   88   57   20   26   71   42   51    8   23   28   13   98    1   84   44   93    5   22   10   65   78   87   92   58   17   -1   -1   -1   -1   -1   -1   -1   -1   -1   -1   -1   -1   -1   -1   -1   -1   -1   -1   -1   -1   -1   -1   -1   -1   -1   -1   -1   -1   -1   -1   -1   -1   -1   -1   -1   -1   -1   -1   -1   -1   -1   -1   -1   -1   -1   -1
  16 0.865315 0.330176   38   83   50   32   39   30   21    8   84   75   33    7   24   31   94   61   76    3   52   67   25   62   35   11   56   87   63    9   54   69   36   27   90   81    6   72   48   79   55   46    4   19   91   82   40   -1   -1   -1   -1   -1   -1   -1   -1   -1   -1   -1   -1   -1   -1   -1   -1   -1   -1   -1   -1   -1   -1   -1   -1   -1   -1   -1   -1   -1   -1   -1   -1   -1   -1   -1   -1   -1   -1   -1   -1   -1   -1   -1   -1   -1   -1   -1   -1   -1   -1   -1   -1   -1   -1
  17 0.19146 0.234415   64   57   50   43   44   37   98   91   85   78   71   49   35    5   22   97   83   84   77   10   34    8   96   89   62   40   33   26   11   20   74   67   68   32   18   95    2   66   60   46    0   14   87   65   58   51   45    1   86   15   -1   -1   -1   -1   -1   -1   -1   -1   -1   -1   -1   -1   -1   -1   -1   -1   -1   -1   -1   -1   -1   -1   -1   -1   -1   -1   -1   -1   -1   -1   -1   -1   -1   -1   -1   -1   -1   -1   -1   -1   -1   -1   -1   -1   -1   -1   -1   -1   -1
  18 0.0530894 0.197942   98   84   60    5   65   32   85   71    2   96   91   58   77   68   44   14   15   97   74   45    8   22   89   17   51   66   37   95   86   57   67   43   34   20   10    0   87   49   11   64   26   -1   -1   -1   -1   -1   -1   -1   -1   -1   -1   -1   -1   -1   -1   -1   -1   -1   -1   -1   -1   -1   -1   -1   -1   -1   -1   -1   -1   -1   -1   -1   -1   -1   -1   -1   -1   -1   -1   -1   -1   -1   -1   -1   -1   -1   -1   -1   -1   -1   -1   -1   -1   -1   -1   -1   -1   -1   -1
  19 0.841842 0.750958   29   48   76   13   99   56    9   70   79    4   36   50   59   78    7   25   39   53   12    3   81   47   52   61   94   27   41   55   69   83   16   82   -1   -1   -1   -1   -1   -1   -1   -1   -1   -1   -1   -1   -1   -1   -1   -1   -1   -1   -1   -1   -1   -1   -1   -1   -1   -1   -1   -1   -1   -1   -1   -1   -1   -1   -1   -1   -1   -1   -1   -1   -1   -1   -1   -1   -1   -1   -1   -1   -1   -1   -1   -1   -1   -1   -1   -1   -1   -1   -1   -1   -1   -1   -1   -1   -1   -1   -1
  20 0.079863 0.256069   58   89   96   77   60   84   97    0   11   14   32   71   78   85   91   98   26   64   86   17   34   15   65   87   10    1   22   66   49   95    5    8   23   18   37   44   68   43   67   74   57    2   45   51   -1   -1   -1   -1   -1   -1   -1   -1   -1   -1   -1   -1   -1   -1   -1   -1   -1   -1   -1   -1   -1   -1   -1   -1   -1   -1   -1   -1   -1   -1   -1   -1   -1   -1   -1   -1   -1   -1   -1   -1   -1   -1   -1   -1   -1   -1   -1   -1   -1   -1   -1   -1   -1   -1   -1
  21 0.900695 0.149951   46   55   75   45   54   16   63   56   83   35   62   82   91   52   61   79   72   90    6   31   24   33   69   87   30   50    3   38   40   76    8   -1   -1   -1   -1   -1   -1   -1   -1   -1   -1   -1   -1   -1   -1   -1   -1   -1   -1   -1   -1   -1   -1   -1   -1   -1   -1   -1   -1   -1   -1   -1   -1   -1   -1   -1   -1   -1   -1   -1   -1   -1   -1   -1   -1   -1   -1   -1   -1   -1   -1   -1   -1   -1   -1   -1   -1   -1   -1   -1   -1   -1   -1   -1   -1   -1   -1   -1   -1
  22 0.135852 0.491495    7   58   66    8   92   87   97   41   32   17   67   50   93   84   10   28   23   73   64   51    1   85   26    0    5   78   57   11   65   88   83   18    4   27   44   49   89   20   80   98    2   13   42   71   81   15   25   43   34   74   37   77   60   68   95   14   86   96   -1   -1   -1   -1   -1   -1   -1   -1   -1   -1   -1   -1   -1   -1   -1   -1   -1   -1   -1   -1   -1   -1   -1   -1   -1   -1   -1   -1   -1   -1   -1   -1   -1   -1   -1   -1   -1   -1   -1   -1   -1
  23 0.192792 0.735007   95   84   25   51   65   98    1    8   39   60   64   22   27   11   41   67   70   88   10   81   26   76   13   80    0   28   32   15   68   93    4   97   20   42    2    9   78   92    7   44   34   12   59   73   -1   -1   -1   -1   -1   -1   -1   -1   -1   -1   -1   -1   -1   -1   -1   -1   -1   -1   -1   -1   -1   -1   -1   -1   -1   -1   -1   -1   -1   -1   -1   -1   -1   -1   -1   -1   -1   -1   -1   -1   -1   -1   -1   -1   -1   -1   -1   -1   -1   -1   -1   -1   -1   -1   -1
  24 0.761123 0.148355   37   84   44   91    7   38   85   45   52   16   30   72   32   79    8   39   86   46   31   11   33   40   87   54   61    3   21   67   74    6   62   26   97   75   35   82   89   49   56   63   69   76   83   90   50   -1   -1   -1   -1   -1   -1   -1   -1   -1   -1   -1   -1   -1   -1   -1   -1   -1   -1   -1   -1   -1   -1   -1   -1   -1   -1   -1   -1   -1   -1   -1   -1   -1   -1   -1   -1   -1   -1   -1   -1   -1   -1   -1   -1   -1   -1   -1   -1   -1   -1   -1   -1   -1   -1
  25 0.483582 0.646985    7   49   23   65   12   83   84   93   47   15   48   57    4   73   92   13   46   55   98   11   29   81   36   16   10   97   27   19   28   70    8   79   80    2   34   44   53    0   26   69   78   87   88    9   42   51   61    1   67   86   95   32   41   50   59   60   22   76   94   39   40   -1   -1   -1   -1   -1   -1   -1   -1   -1   -1   -1   -1   -1   -1   -1   -1   -1   -1   -1   -1   -1   -1   -1   -1   -1   -1   -1   -1   -1   -1   -1   -1   -1   -1   -1   -1   -1   -1
  26 0.31037 0.336365   67   74   34   85   10   45   63    2   13   64   75   35   42   60    5   27   98   65   72   32   83    4   43   50    6   20    7   71   78   38   22   73   33   40   91   51   17   58   23   14   96    9   68   15   39   86   46   81   41   25    1    8   31   97   76   24   87    0   54   89   49   11   66   77   37   84   44   95   62   57   18   -1   -1   -1   -1   -1   -1   -1   -1   -1   -1   -1   -1   -1   -1   -1   -1   -1   -1   -1   -1   -1   -1   -1   -1   -1   -1   -1   -1
  27 0.532221 0.630539   65   70   95   84   34   59   48   28   75   10   94   87   44   51   26    2    7   67   81   86   47   23   36   61   50   12   97    9   15    4   80   25   41    1   46   39   53   22   76   69   83   11   40   99    3   16   79   93   82   19   32   57    8   55   98   73   78    0   92   42   56   49   29   13   -1   -1   -1   -1   -1   -1   -1   -1   -1   -1   -1   -1   -1   -1   -1   -1   -1   -1   -1   -1   -1   -1   -1   -1   -1   -1   -1   -1   -1   -1   -1   -1   -1   -1   -1
  28 0.188396 0.839519   73   95   39   27   41   88   22   12   42   80    9    4   25    1   44   34   81    7   23   78   92   15   10   98   70   93    2   60   59   13   47   51   -1   -1   -1   -1   -1   -1   -1   -1   -1   -1   -1   -1   -1   -1   -1   -1   -1   -1   -1   -1   -1   -1   -1   -1   -1   -1   -1   -1   -1   -1   -1   -1   -1   -1   -1   -1   -1   -1   -1   -1   -1   -1   -1   -1   -1   -1   -1   -1   -1   -1   -1   -1   -1   -1   -1   -1   -1   -1   -1   -1   -1   -1   -1   -1   -1   -1   -1
  29 0.730004 0.899364   55   48   19   99   78   82   36   70   81    9   42   53   25   76   69   94    7   41   59   12   47    4   92   13   39   73   79   27   -1   -1   -1   -1   -1   -1   -1   -1   -1   -1   -1   -1   -1   -1   -1   -1   -1   -1   -1   -1   -1   -1   -1   -1   -1   -1   -1   -1   -1   -1   -1   -1   -1   -1   -1   -1   -1   -1   -1   -1   -1   -1   -1   -1   -1   -1   -1   -1   -1   -1   -1   -1   -1   -1   -1   -1   -1   -1   -1   -1   -1   -1   -1   -1   -1   -1   -1   -1   -1   -1   -1
  30 0.927338 0.140354   56   75   35   45   31   16   54   72    8   24   62   33   40    3   82   52   63   38   83   90   50   79   46   21   91   69   61    6   -1   -1   -1   -1   -1   -1   -1   -1   -1   -1   -1   -1   -1   -1   -1   -1   -1   -1   -1   -1   -1   -1   -1   -1   -1   -1   -1   -1   -1   -1   -1   -1   -1   -1   -1   -1   -1   -1   -1   -1   -1   -1   -1   -1   -1   -1   -1   -1   -1   -1   -1   -1   -1   -1   -1   -1   -1   -1   -1   -1   -1   -1   -1   -1   -1   -1   -1   -1   -1   -1   -1
  31 0.705702 0.0354739   85   91   54   63   30    6   45   84   90   67   11   72   49   62   44   14    3   97   16   87   75   57   38    8   24   86   74   56   33   46   21   50   26   32   89   79   52   61   35   40   83   37   -1   -1   -1   -1   -1   -1   -1   -1   -1   -1   -1   -1   -1   -1   -1   -1   -1   -1   -1   -1   -1   -1   -1   -1   -1   -1   -1   -1   -1   -1   -1   -1   -1   -1   -1   -1   -1   -1   -1   -1   -1   -1   -1   -1   -1   -1   -1   -1   -1   -1   -1   -1   -1   -1   -1   -1   -1
  32 0.406299 0.382036   54   77   68   91    5   96   10   18    3   43   34   57   48    8   16   78    1   83   97   22   15   44   20   35   58   49   72   79   26   84   98   24   45   59   50   73   64   71   85   13    6   46   37   60   11   51   74    4   65   95   86    9   17    2   23   40   31    0   38   75   66   89   14   87   27   41   39   25   62   76   67   90   81   42   33   63    7   -1   -1   -1   -1   -1   -1   -1   -1   -1   -1   -1   -1   -1   -1   -1   -1   -1   -1   -1   -1   -1   -1
  33 0.573814 0.000899323   74   67   86   40   91   85    8   16   72   57   65   50   90   83   84   30   11   46   26   49   89   17   24   31   45   21   38   63    6   44   37   62    0   35   75   14   54   87   97    3   32   -1   -1   -1   -1   -1   -1   -1   -1   -1   -1   -1   -1   -1   -1   -1   -1   -1   -1   -1   -1   -1   -1   -1   -1   -1   -1   -1   -1   -1   -1   -1   -1   -1   -1   -1   -1   -1   -1   -1   -1   -1   -1   -1   -1   -1   -1   -1   -1   -1   -1   -1   -1   -1   -1   -1   -1   -1   -1
  34 0.103461 0.678017   26   44   57   27   66   93   84   32   97   13   49   67    7   12   42   17    2   60   78   73   64   43   15   70   65   88   20   28   25   58   80   98    5   41   10   18   68   95   86   81   11    4    1   22   51   92   23    0   96   -1   -1   -1   -1   -1   -1   -1   -1   -1   -1   -1   -1   -1   -1   -1   -1   -1   -1   -1   -1   -1   -1   -1   -1   -1   -1   -1   -1   -1   -1   -1   -1   -1   -1   -1   -1   -1   -1   -1   -1   -1   -1   -1   -1   -1   -1   -1   -1   -1   -1
  35 0.558647 0.0593659   30   89   38    0   26   17   50   83    3   65   32   46   21    6   91   40   85   90   67   72    8   16   14    5   84   37   75   11   49   54   24   63   87   31   45   74   33   97   57   62   86   44   -1   -1   -1   -1   -1   -1   -1   -1   -1   -1   -1   -1   -1   -1   -1   -1   -1   -1   -1   -1   -1   -1   -1   -1   -1   -1   -1   -1   -1   -1   -1   -1   -1   -1   -1   -1   -1   -1   -1   -1   -1   -1   -1   -1   -1   -1   -1   -1   -1   -1   -1   -1   -1   -1   -1   -1   -1
  36 0.938279 0.780834    4   41   70   61   29   81    9   55   82   79   19   27   99   48    7   25   12   56   39   16   47   52   94   69   76   13   53   59   -1   -1   -1   -1   -1   -1   -1   -1   -1   -1   -1   -1   -1   -1   -1   -1   -1   -1   -1   -1   -1   -1   -1   -1   -1   -1   -1   -1   -1   -1   -1   -1   -1   -1   -1   -1   -1   -1   -1   -1   -1   -1   -1   -1   -1   -1   -1   -1   -1   -1   -1   -1   -1   -1   -1   -1   -1   -1   -1   -1   -1   -1   -1   -1   -1   -1   -1   -1   -1   -1   -1
  37 0.38053 0.0602137   54   63   87   89   17   66   75   24   62   86   95   65   74    6   85   38    5   71   40   64    0   51   60   84   14   46   72   32   50   83   45   18   35   33   49   58   91   44   68   77   97   20    8   26   57   90   43   67   22   31   96   11   -1   -1   -1   -1   -1   -1   -1   -1   -1   -1   -1   -1   -1   -1   -1   -1   -1   -1   -1   -1   -1   -1   -1   -1   -1   -1   -1   -1   -1   -1   -1   -1   -1   -1   -1   -1   -1   -1   -1   -1   -1   -1   -1   -1   -1   -1   -1
  38 0.695771 0.0604248    8   16   97   14   50   44   35   72   67   56   45   24   86   37   57   31   87   65   11   26   62   30   49   40   90   84   79   33   63   54   91   85   32   46    6   83   74   21   61   52   89    3   75   69   -1   -1   -1   -1   -1   -1   -1   -1   -1   -1   -1   -1   -1   -1   -1   -1   -1   -1   -1   -1   -1   -1   -1   -1   -1   -1   -1   -1   -1   -1   -1   -1   -1   -1   -1   -1   -1   -1   -1   -1   -1   -1   -1   -1   -1   -1   -1   -1   -1   -1   -1   -1   -1   -1   -1
  39 0.625042 0.615239   70   99   53   50   28   83   65    8   16   98   63   23   52   42   82   75   11    1   10   24   55   44   84   67    4   13   19   27   54   94   47   87   76    7   69   36   26   56   46   79   29   97    9   59   48    3   41   32   81   78   12    2   61   51   40   25   73   -1   -1   -1   -1   -1   -1   -1   -1   -1   -1   -1   -1   -1   -1   -1   -1   -1   -1   -1   -1   -1   -1   -1   -1   -1   -1   -1   -1   -1   -1   -1   -1   -1   -1   -1   -1   -1   -1   -1   -1   -1   -1
  40 0.635308 0.288257   81   52   59   41   33   82   89   78    3    8   37   83   13   90   30   65    6   72   79   54   35   61   11   17   26   84   91   38   48   24   55    0   62   44   85   27   67   74   49   32   56   63   45    4   97    9   86   75   50   57   31    7   46   21   98   14   87   69   76   39   16   25   -1   -1   -1   -1   -1   -1   -1   -1   -1   -1   -1   -1   -1   -1   -1   -1   -1   -1   -1   -1   -1   -1   -1   -1   -1   -1   -1   -1   -1   -1   -1   -1   -1   -1   -1   -1   -1
  41 0.48259 0.700619   36   12   44   99   40   95   55   73   42   22   13   15   98   28   11   94   23   97   10   83   84   93   53   70   29   79    8   27   51   92   69   78   47   26    2    9   81    7   50   67   59   60   46   34   19   32   39   80   25    1   76    4   87   88   48   65   -1   -1   -1   -1   -1   -1   -1   -1   -1   -1   -1   -1   -1   -1   -1   -1   -1   -1   -1   -1   -1   -1   -1   -1   -1   -1   -1   -1   -1   -1   -1   -1   -1   -1   -1   -1   -1   -1   -1   -1   -1   -1   -1
  42 0.328676 0.72035   88   67    4   53   60   13    7   87   41   12   50   26    2   47   98   39   84   95   29   70   65   51   34   44   28   92   78   73   48   59    9   93    8   49   15   97   11   83   25    1   76   22   57   23    0   80   27   10   32   86   81   -1   -1   -1   -1   -1   -1   -1   -1   -1   -1   -1   -1   -1   -1   -1   -1   -1   -1   -1   -1   -1   -1   -1   -1   -1   -1   -1   -1   -1   -1   -1   -1   -1   -1   -1   -1   -1   -1   -1   -1   -1   -1   -1   -1   -1   -1   -1   -1
  43 0.0366922 0.186462   17   58   51   64   10   32   85   74   67   97   26   95   84   60   77   66   96   34   89   87   15   45   11   57   86   68   44    8   14   91    5   18   49   71   20   22   37   65    0   -1   -1   -1   -1   -1   -1   -1   -1   -1   -1   -1   -1   -1   -1   -1   -1   -1   -1   -1   -1   -1   -1   -1   -1   -1   -1   -1   -1   -1   -1   -1   -1   -1   -1   -1   -1   -1   -1   -1   -1   -1   -1   -1   -1   -1   -1   -1   -1   -1   -1   -1   -1   -1   -1   -1   -1   -1   -1   -1   -1
  44 0.355824 0.385301   41   34   17   91   38   73   64   24   63    0   54   45    4   27   84   83   74   65   32   31    7   46    9   42   18   85   76   75   66   39   57   14   96   95   86   77   68   28   67   58   49   40   25    1   22    5   97   87   78   10   43   60   59   50   33   37   13   98   89   15   79   20   51    8   26    2   81   23    6   72   71   62   35   11   -1   -1   -1   -1   -1   -1   -1   -1   -1   -1   -1   -1   -1   -1   -1   -1   -1   -1   -1   -1   -1   -1   -1   -1   -1
  45 0.453089 0.0366805   54   71    8   64   26   30    6   31   44   91   84   77   21   46   38   24    0   97   90   83   32   96   89   58   75    5   18   43   95   33   57   74   50   67   37   14    3   40   87   63   49   66   35   11   86   62   72   65   17   20   85   -1   -1   -1   -1   -1   -1   -1   -1   -1   -1   -1   -1   -1   -1   -1   -1   -1   -1   -1   -1   -1   -1   -1   -1   -1   -1   -1   -1   -1   -1   -1   -1   -1   -1   -1   -1   -1   -1   -1   -1   -1   -1   -1   -1   -1   -1   -1   -1
  46 0.665671 0.264286   21    9   61   79   86   89    3    8   45   14   48   69   76   87   97   35   11   44   25   49   56   67   74   84   24    0   33    4   37   54   13   57   27   75   82   85   32   31    7   26   55   62   65   30   72    6   83   90   39   41   17   52   63   38   91   40   16   50   78   81   -1   -1   -1   -1   -1   -1   -1   -1   -1   -1   -1   -1   -1   -1   -1   -1   -1   -1   -1   -1   -1   -1   -1   -1   -1   -1   -1   -1   -1   -1   -1   -1   -1   -1   -1   -1   -1   -1   -1
  47 0.648402 0.999706   76   25   42   70   55   93   99   13   27   78   92    7   73   39   29    4   41   19   48   81   94   36   12    9   53   59   28   -1   -1   -1   -1   -1   -1   -1   -1   -1   -1   -1   -1   -1   -1   -1   -1   -1   -1   -1   -1   -1   -1   -1   -1   -1   -1   -1   -1   -1   -1   -1   -1   -1   -1   -1   -1   -1   -1   -1   -1   -1   -1   -1   -1   -1   -1   -1   -1   -1   -1   -1   -1   -1   -1   -1   -1   -1   -1   -1   -1   -1   -1   -1   -1   -1   -1   -1   -1   -1   -1   -1   -1
  48 0.779417 0.696557   29   19   27   32   25   78   69   46   13   59   50    4   81   79   70    9   98   36   82   73   42   99   40   61   52   83   47    7   53   12    3   39   56    8   16   94   76   55   41   -1   -1   -1   -1   -1   -1   -1   -1   -1   -1   -1   -1   -1   -1   -1   -1   -1   -1   -1   -1   -1   -1   -1   -1   -1   -1   -1   -1   -1   -1   -1   -1   -1   -1   -1   -1   -1   -1   -1   -1   -1   -1   -1   -1   -1   -1   -1   -1   -1   -1   -1   -1   -1   -1   -1   -1   -1   -1   -1   -1
  49 0.277079 0.234219   58   25   51   95   66    2   11    0   57   50   17   14   87   72   34   65   31   32    1   46   86    6   64   15    4   63   33   91   85   38   78   71    7   44   62    5   42   83   84   77   22   40   98   20   37   45   54   89   26   75   76   35   43   24   97   60   81   10   74   18   67   68   27   96    8   -1   -1   -1   -1   -1   -1   -1   -1   -1   -1   -1   -1   -1   -1   -1   -1   -1   -1   -1   -1   -1   -1   -1   -1   -1   -1   -1   -1   -1   -1   -1   -1   -1   -1
  50 0.576803 0.340095    9   17   63   54   38   89    3   75   39    8   16   97   49   42    1   55   95   86   22   81   35   72   67   48    0   33   61   26   52   87   78   19   27   32    5   10   84   79   65   11    4   37   45   30   59   90   85    2   76   31   44   41   98   21   56   14   51   91   82   40   25   62   46   13   57    6   83   74   69   24    7   -1   -1   -1   -1   -1   -1   -1   -1   -1   -1   -1   -1   -1   -1   -1   -1   -1   -1   -1   -1   -1   -1   -1   -1   -1   -1   -1   -1
  51 0.154543 0.489807   49   71    1   76   85   43   23   65   84   93   58   27    8    5   64   73   42   78   87   92   22   11    0   37   67   81   26   86   95   60   97   41   32   66   80   89   10   18   15   96    4   25   74   83   13   88   50   57    2    7   44   17   68   77   14   34   39   98   20   28   -1   -1   -1   -1   -1   -1   -1   -1   -1   -1   -1   -1   -1   -1   -1   -1   -1   -1   -1   -1   -1   -1   -1   -1   -1   -1   -1   -1   -1   -1   -1   -1   -1   -1   -1   -1   -1   -1   -1
  52 0.975134 0.385437   83   90   40   55    7   39   24   63   79   50    3   56    8   16   21   30   72   94   48   19    4   46    6   31   36    9   69   76   75   82   38   54   61   -1   -1   -1   -1   -1   -1   -1   -1   -1   -1   -1   -1   -1   -1   -1   -1   -1   -1   -1   -1   -1   -1   -1   -1   -1   -1   -1   -1   -1   -1   -1   -1   -1   -1   -1   -1   -1   -1   -1   -1   -1   -1   -1   -1   -1   -1   -1   -1   -1   -1   -1   -1   -1   -1   -1   -1   -1   -1   -1   -1   -1   -1   -1   -1   -1   -1
  53 0.720215 0.921908   42   39   92   99   73   82   12   29   70   79   81   41   59   13   19   27   69   78   25   48   55    9   76    4   94   47    7   36   -1   -1   -1   -1   -1   -1   -1   -1   -1   -1   -1   -1   -1   -1   -1   -1   -1   -1   -1   -1   -1   -1   -1   -1   -1   -1   -1   -1   -1   -1   -1   -1   -1   -1   -1   -1   -1   -1   -1   -1   -1   -1   -1   -1   -1   -1   -1   -1   -1   -1   -1   -1   -1   -1   -1   -1   -1   -1   -1   -1   -1   -1   -1   -1   -1   -1   -1   -1   -1   -1   -1
  54 0.773257 0.181798   32   87   37   45   56   50   31   11   72   44   67   90   84   21   30   91   82   85   62   40    7   83   63   46    6   39   24   79   89   55   38    3   76    8   16   49   26   61   35   97   74   33   52   75    4   69   -1   -1   -1   -1   -1   -1   -1   -1   -1   -1   -1   -1   -1   -1   -1   -1   -1   -1   -1   -1   -1   -1   -1   -1   -1   -1   -1   -1   -1   -1   -1   -1   -1   -1   -1   -1   -1   -1   -1   -1   -1   -1   -1   -1   -1   -1   -1   -1   -1   -1   -1   -1   -1
  55 0.93235 0.646945   21   29   94   52    4   41   13   50   47    7   36   25   81   39    9   76   69   56    3   40   79   46   54   83   59   53   99   61   82   19   27   16   70   48   -1   -1   -1   -1   -1   -1   -1   -1   -1   -1   -1   -1   -1   -1   -1   -1   -1   -1   -1   -1   -1   -1   -1   -1   -1   -1   -1   -1   -1   -1   -1   -1   -1   -1   -1   -1   -1   -1   -1   -1   -1   -1   -1   -1   -1   -1   -1   -1   -1   -1   -1   -1   -1   -1   -1   -1   -1   -1   -1   -1   -1   -1   -1   -1   -1
  56 0.980377 0.432976   54   30    6   21   38   19   75   82   46   69   76   52   59   83   90    4    9   55   31    7   36   39   40   16   61   99   50   48   72   79   24   27    3   63   94   -1   -1   -1   -1   -1   -1   -1   -1   -1   -1   -1   -1   -1   -1   -1   -1   -1   -1   -1   -1   -1   -1   -1   -1   -1   -1   -1   -1   -1   -1   -1   -1   -1   -1   -1   -1   -1   -1   -1   -1   -1   -1   -1   -1   -1   -1   -1   -1   -1   -1   -1   -1   -1   -1   -1   -1   -1   -1   -1   -1   -1   -1   -1   -1
  57 0.258619 0.235854   17   60   78   87   97   34   10   32    8   49   58   25   67    1   68   77   86   95    6   96   66   33   75   85   38   14   31    7   44   65   74   83   84   46   22   15    4   45   63   64   91   43   62   71   72    5   81   42   18   51   27   40   20   37   50   89   98   26    2   35   11    0   -1   -1   -1   -1   -1   -1   -1   -1   -1   -1   -1   -1   -1   -1   -1   -1   -1   -1   -1   -1   -1   -1   -1   -1   -1   -1   -1   -1   -1   -1   -1   -1   -1   -1   -1   -1   -1
  58 0.000662915 0.217981   49   20   68   86   22   43    0   57   87   89   51   96   32    8   66   77   60   18   84   95   97   11   45   67   74   85   26    2   44    5   64   34   10   37   65   17   71   14   91   15   -1   -1   -1   -1   -1   -1   -1   -1   -1   -1   -1   -1   -1   -1   -1   -1   -1   -1   -1   -1   -1   -1   -1   -1   -1   -1   -1   -1   -1   -1   -1   -1   -1   -1   -1   -1   -1   -1   -1   -1   -1   -1   -1   -1   -1   -1   -1   -1   -1   -1   -1   -1   -1   -1   -1   -1   -1   -1   -1
  59 0.635867 0.778806   12    9   27   79   40   82   73   78   48   92   99   19   56   70   32   84    8   98   53   29   42   61   94   13   50    2   55    7   44   81   41   10   39   28    4   25    1   47   76   69   23   83   36   -1   -1   -1   -1   -1   -1   -1   -1   -1   -1   -1   -1   -1   -1   -1   -1   -1   -1   -1   -1   -1   -1   -1   -1   -1   -1   -1   -1   -1   -1   -1   -1   -1   -1   -1   -1   -1   -1   -1   -1   -1   -1   -1   -1   -1   -1   -1   -1   -1   -1   -1   -1   -1   -1   -1   -1
  60 0.0701903 0.438893   81   57   42   18   15   78   20   96   26    2   23   84   97    5   58   34   10   43   71    0   85   37   98   51   73   64   32   95    8   86   11   44   74   65   88   87   41   17   14   28   66   89   80   49   25    1   22   77   68   67   -1   -1   -1   -1   -1   -1   -1   -1   -1   -1   -1   -1   -1   -1   -1   -1   -1   -1   -1   -1   -1   -1   -1   -1   -1   -1   -1   -1   -1   -1   -1   -1   -1   -1   -1   -1   -1   -1   -1   -1   -1   -1   -1   -1   -1   -1   -1   -1   -1
  61 0.917618 0.417192   63   46   36   79   13   72   50   90   83   27    3   40   16   21   82   59   48   24   81   19   56    8   25   76   54   69   94   30   87    6   55   31    7   75    9   38   39   52    4   -1   -1   -1   -1   -1   -1   -1   -1   -1   -1   -1   -1   -1   -1   -1   -1   -1   -1   -1   -1   -1   -1   -1   -1   -1   -1   -1   -1   -1   -1   -1   -1   -1   -1   -1   -1   -1   -1   -1   -1   -1   -1   -1   -1   -1   -1   -1   -1   -1   -1   -1   -1   -1   -1   -1   -1   -1   -1   -1   -1
  62 0.58488 0.0434407   83   90   37   91   31   97   21   54   30    6   67   74   17   86   38   89   14   75   40   16   49   63   87   46   65   72   24    0   57   33   84    3   32    8   45   50   26   85   35   11   44   -1   -1   -1   -1   -1   -1   -1   -1   -1   -1   -1   -1   -1   -1   -1   -1   -1   -1   -1   -1   -1   -1   -1   -1   -1   -1   -1   -1   -1   -1   -1   -1   -1   -1   -1   -1   -1   -1   -1   -1   -1   -1   -1   -1   -1   -1   -1   -1   -1   -1   -1   -1   -1   -1   -1   -1   -1   -1
  63 0.7177 0.127228    8   76   61   37   50   26   31    7   44   89   79   21   39   52   83   65   85   82   91   49   54   30    6   84   90   67   72   57   33   62   38   14    3   40   87   16   69   45   75   46   35   11   86   24   74   97   56   32   -1   -1   -1   -1   -1   -1   -1   -1   -1   -1   -1   -1   -1   -1   -1   -1   -1   -1   -1   -1   -1   -1   -1   -1   -1   -1   -1   -1   -1   -1   -1   -1   -1   -1   -1   -1   -1   -1   -1   -1   -1   -1   -1   -1   -1   -1   -1   -1   -1   -1   -1
  64 0.0702 0.27774    1   17    2   98   45   15   78    0   43   44   14   26   11   84   10   23    8   51   37   71   22   49   85   34   20   32   74   65   95   86   60   57   58   66   89   87   96   67   97    5   77   68   18   91   -1   -1   -1   -1   -1   -1   -1   -1   -1   -1   -1   -1   -1   -1   -1   -1   -1   -1   -1   -1   -1   -1   -1   -1   -1   -1   -1   -1   -1   -1   -1   -1   -1   -1   -1   -1   -1   -1   -1   -1   -1   -1   -1   -1   -1   -1   -1   -1   -1   -1   -1   -1   -1   -1   -1
  65 0.27619 0.329207   11   27    6   73   18   66    9   25   91    4   85   23   39    2   51   37   72    0   49   83   44   84   35   14   63   26   42   33   40   89   10   38    8   57   98   64   78   22   71   34   50   81   20   32   97   46   62   77   95    7   60    5   96   58   75   76   87    1   17   45   15   74   67   43   68   86   13   41   -1   -1   -1   -1   -1   -1   -1   -1   -1   -1   -1   -1   -1   -1   -1   -1   -1   -1   -1   -1   -1   -1   -1   -1   -1   -1   -1   -1   -1   -1   -1
  66 0.0123346 0.247568   84   37   22   49   65   34   67   85   91   57   58   15    0   43   44   98   11   71   89    8   51    5   64   18   96   20   77   17   68   95   32    2   86   45   97   60   14   74   26   87   10   -1   -1   -1   -1   -1   -1   -1   -1   -1   -1   -1   -1   -1   -1   -1   -1   -1   -1   -1   -1   -1   -1   -1   -1   -1   -1   -1   -1   -1   -1   -1   -1   -1   -1   -1   -1   -1   -1   -1   -1   -1   -1   -1   -1   -1   -1   -1   -1   -1   -1   -1   -1   -1   -1   -1   -1   -1   -1
  67 0.378161 0.31265   26   42   89   33   71   76    3   10   38   54   66   83   57   79   15   31   22   43   34   50   91   11   27   78   46   62    4   16   23   39   85   90   51    5   72   58    0   44   35   97   63    1   17   84   45   75   24   40   13   96   41   87    8   74    6   64   18    9   25   20   81   86   32    2   95   68   77   37   49   65    7   98   60   14   -1   -1   -1   -1   -1   -1   -1   -1   -1   -1   -1   -1   -1   -1   -1   -1   -1   -1   -1   -1   -1   -1   -1   -1   -1
  68 0.0163859 0.311935   32   58   71   57   89    5   18   84    2   15   85   44    1   26   17   96   86    0   43   10   74   23   14   66   11   97   37   87   34   20    8   51   67   98   64   22   95   49   65   77   60   -1   -1   -1   -1   -1   -1   -1   -1   -1   -1   -1   -1   -1   -1   -1   -1   -1   -1   -1   -1   -1   -1   -1   -1   -1   -1   -1   -1   -1   -1   -1   -1   -1   -1   -1   -1   -1   -1   -1   -1   -1   -1   -1   -1   -1   -1   -1   -1   -1   -1   -1   -1   -1   -1   -1   -1   -1   -1
  69 0.927786 0.491466    8    7   48   99   46   94    3   56   13   29   79   55   83    4   53   39   41   27   21    6   82    9   25   63   16   61   30   81   90   76   19   36   52   24   40   50   59   75   38   54   -1   -1   -1   -1   -1   -1   -1   -1   -1   -1   -1   -1   -1   -1   -1   -1   -1   -1   -1   -1   -1   -1   -1   -1   -1   -1   -1   -1   -1   -1   -1   -1   -1   -1   -1   -1   -1   -1   -1   -1   -1   -1   -1   -1   -1   -1   -1   -1   -1   -1   -1   -1   -1   -1   -1   -1   -1   -1   -1
  70 0.52599 0.889031   39   94   81   36   27    2   73   47   13   29   19   98    1   42   92   48   78   10   53   59   99   41   23   93    9   34   25    7   76    4   88   83   28   80   12   55   -1   -1   -1   -1   -1   -1   -1   -1   -1   -1   -1   -1   -1   -1   -1   -1   -1   -1   -1   -1   -1   -1   -1   -1   -1   -1   -1   -1   -1   -1   -1   -1   -1   -1   -1   -1   -1   -1   -1   -1   -1   -1   -1   -1   -1   -1   -1   -1   -1   -1   -1   -1   -1   -1   -1   -1   -1   -1   -1   -1   -1   -1   -1
  71 0.0608904 0.178263   45   51   67    0   68   17   85   18   20    2   95    8   84   77   74   37   64   60   26   97   32   87   49   65   10   14   66   96   89   86   15   57   22   43    5   91   58   11   44   -1   -1   -1   -1   -1   -1   -1   -1   -1   -1   -1   -1   -1   -1   -1   -1   -1   -1   -1   -1   -1   -1   -1   -1   -1   -1   -1   -1   -1   -1   -1   -1   -1   -1   -1   -1   -1   -1   -1   -1   -1   -1   -1   -1   -1   -1   -1   -1   -1   -1   -1   -1   -1   -1   -1   -1   -1   -1   -1   -1
  72 0.663312 0.0477373   11   74    3   38   54   86   75   30   49   31   65   50   87   32   14   33   26   61   97   24   40    8   67   52   21   37   35   89   63   46   62   83   90   79   57    6   56   16   84   91   45    0   44   85   -1   -1   -1   -1   -1   -1   -1   -1   -1   -1   -1   -1   -1   -1   -1   -1   -1   -1   -1   -1   -1   -1   -1   -1   -1   -1   -1   -1   -1   -1   -1   -1   -1   -1   -1   -1   -1   -1   -1   -1   -1   -1   -1   -1   -1   -1   -1   -1   -1   -1   -1   -1   -1   -1   -1
  73 0.303898 0.82457    2   92   78   97   15   65   28   44   81   41   70   12    9   59   25    4   53   80   51   76   22   34   32   48   88   26   42   47    7   10   60   95    1   13   29   84   93   27   98   23   39   -1   -1   -1   -1   -1   -1   -1   -1   -1   -1   -1   -1   -1   -1   -1   -1   -1   -1   -1   -1   -1   -1   -1   -1   -1   -1   -1   -1   -1   -1   -1   -1   -1   -1   -1   -1   -1   -1   -1   -1   -1   -1   -1   -1   -1   -1   -1   -1   -1   -1   -1   -1   -1   -1   -1   -1   -1   -1
  74 0.321403 0.0968997   14   33   72   26   83   90   96   37    0   43   91   44   77   97   11   71   86   46   62   57    6   58   64   18   87   31   89   75   17   32   45   84   95   24   40   68   60    8   51    5   67   85   38   54   35   66   20   63   22   49   65   50   -1   -1   -1   -1   -1   -1   -1   -1   -1   -1   -1   -1   -1   -1   -1   -1   -1   -1   -1   -1   -1   -1   -1   -1   -1   -1   -1   -1   -1   -1   -1   -1   -1   -1   -1   -1   -1   -1   -1   -1   -1   -1   -1   -1   -1   -1   -1
  75 0.70892 0.17147   97   30   21   37   50   86   79   14   11   72   26   27   91    3   56   16   39   57    0   31   90   83   44   45   46   62   82   74    4    6   67   85   35   32   63   49   65   24   40   84    7   33    8   61   52   89    9   87   76   38   54   69   -1   -1   -1   -1   -1   -1   -1   -1   -1   -1   -1   -1   -1   -1   -1   -1   -1   -1   -1   -1   -1   -1   -1   -1   -1   -1   -1   -1   -1   -1   -1   -1   -1   -1   -1   -1   -1   -1   -1   -1   -1   -1   -1   -1   -1   -1   -1
  76 0.640168 0.56655   63   87   78    8   51   67   47    7   19   79   97   46    2   90   81   73    6   98   44   13   29   56   16    1   82   12   55   99    4   23   39   84   83   11   27   70   50    3   54   94   26   42   61   49   65   10   53   69   32   48   86   41   36   52   21   24   40    9   59   25   75   -1   -1   -1   -1   -1   -1   -1   -1   -1   -1   -1   -1   -1   -1   -1   -1   -1   -1   -1   -1   -1   -1   -1   -1   -1   -1   -1   -1   -1   -1   -1   -1   -1   -1   -1   -1   -1   -1
  77 0.0517638 0.160776   32   14   95   96   20   45   87    8   57   74   17   86    5   71   58   18   43   11   85   15   44   91   84    0   49   65   66   37   26   89   51   67   64   22   97   68   10   60   -1   -1   -1   -1   -1   -1   -1   -1   -1   -1   -1   -1   -1   -1   -1   -1   -1   -1   -1   -1   -1   -1   -1   -1   -1   -1   -1   -1   -1   -1   -1   -1   -1   -1   -1   -1   -1   -1   -1   -1   -1   -1   -1   -1   -1   -1   -1   -1   -1   -1   -1   -1   -1   -1   -1   -1   -1   -1   -1   -1   -1
  78 0.432372 0.597125    2   86   89   76   57   73   64   13   29   60    1   17   87   32   48   40   59   20   84   95   70    8   51   67   34   50   47    7   19   85   92   26   42   22   49   65   98   10   53   83   41   93   28   44    9   25   80   12    0    4   23   39   81   88   11   27   15   97   46   79   -1   -1   -1   -1   -1   -1   -1   -1   -1   -1   -1   -1   -1   -1   -1   -1   -1   -1   -1   -1   -1   -1   -1   -1   -1   -1   -1   -1   -1   -1   -1   -1   -1   -1   -1   -1   -1   -1   -1
  79 0.83019 0.489337   82   46   59   75   63   84   76   90    6   67    7   19   32   48   87   61   36   52   24   40   53   69   41    8   21   50    9   25   38   54   81   94   55   30   39   11   72   27   31   44    3   56   16   83   13   29   99    4   78   -1   -1   -1   -1   -1   -1   -1   -1   -1   -1   -1   -1   -1   -1   -1   -1   -1   -1   -1   -1   -1   -1   -1   -1   -1   -1   -1   -1   -1   -1   -1   -1   -1   -1   -1   -1   -1   -1   -1   -1   -1   -1   -1   -1   -1   -1   -1   -1   -1   -1
  80 0.122548 0.846552   98   81   73    1    2   15   28   92   27   25   23   93   51    4   22   34   78   13   41   42   60   70   12   88   95   10   -1   -1   -1   -1   -1   -1   -1   -1   -1   -1   -1   -1   -1   -1   -1   -1   -1   -1   -1   -1   -1   -1   -1   -1   -1   -1   -1   -1   -1   -1   -1   -1   -1   -1   -1   -1   -1   -1   -1   -1   -1   -1   -1   -1   -1   -1   -1   -1   -1   -1   -1   -1   -1   -1   -1   -1   -1   -1   -1   -1   -1   -1   -1   -1   -1   -1   -1   -1   -1   -1   -1   -1   -1
  81 0.524275 0.645861   60   70   12   40   10   94   87    8   73   36    1   80   15   50   99   93   86   48   29   76   27   55   98    7   25   92   53   23    2   51   97   65   83   84   28   19   79   26   61   13   47   82   41   59   11   57    9    4   69   22   16   34   39   78   67   32   49   44   46   95   42   -1   -1   -1   -1   -1   -1   -1   -1   -1   -1   -1   -1   -1   -1   -1   -1   -1   -1   -1   -1   -1   -1   -1   -1   -1   -1   -1   -1   -1   -1   -1   -1   -1   -1   -1   -1   -1   -1
  82 0.978599 0.534554   79   59   29   40   56   39   53   54   36   21   63   48   76   30   61   46   13   75   99   90    9   69   81   27   50   55   24    7   83   52    3    4   16   94   19   -1   -1   -1   -1   -1   -1   -1   -1   -1   -1   -1   -1   -1   -1   -1   -1   -1   -1   -1   -1   -1   -1   -1   -1   -1   -1   -1   -1   -1   -1   -1   -1   -1   -1   -1   -1   -1   -1   -1   -1   -1   -1   -1   -1   -1   -1   -1   -1   -1   -1   -1   -1   -1   -1   -1   -1   -1   -1   -1   -1   -1   -1   -1   -1
  83 0.594795 0.410813   11   62   52   74   89    4   94   25   16   39   67   32    2   21   44   97   35   65   63   17   45   14   12   26   33   40   61   91   13   75   41   56    8   54    6   57    9   85   90   69   22   81   48   78   76   30   37   27   49   55   84   46    7   98   72   42   70   51    3   87   10    0   38   82   19    1   79   31   50   86   95   24   59   -1   -1   -1   -1   -1   -1   -1   -1   -1   -1   -1   -1   -1   -1   -1   -1   -1   -1   -1   -1   -1   -1   -1   -1   -1   -1
  84 0.380318 0.35242    5   95   23   14   66   18   27    4   24   34   25   45   20   54   79    6   31   51    3   44   13   64   22   65   16   17   42   60   78   89   96   71   32   33   58   43   68   10   46   39   41   59   90   11   97   37   57   40    9   50   38   63   81   85    8   76   67   91   98   77   49   74   83   35   86    2   62   15   75   72   87   73    1   26    7    0   -1   -1   -1   -1   -1   -1   -1   -1   -1   -1   -1   -1   -1   -1   -1   -1   -1   -1   -1   -1   -1   -1   -1
  85 0.292459 0.117925   87   89   26   31   98   51    0   65   17   86   95   14   66   71   97   18   33   43   24   20   11   54   37    6   96   57   44   64   22   63   60   78   67   77   32   58   49   68   83   10   46   35   84   40   50   75   38    8   91   74    5   62   72   45   -1   -1   -1   -1   -1   -1   -1   -1   -1   -1   -1   -1   -1   -1   -1   -1   -1   -1   -1   -1   -1   -1   -1   -1   -1   -1   -1   -1   -1   -1   -1   -1   -1   -1   -1   -1   -1   -1   -1   -1   -1   -1   -1   -1   -1
  86 0.273857 0.238379   78   33   58   10   15   46   75   72   85   37   57   50   95    7   96    0   38   81   77   27   49   74    4   87   24   97   20    2   31   62   51   44   64   60    1   26   71   32   43   68   91   84    5   14   11   66   18   40   34   25   63   45    8   76   67    6   89   83   22   98   35   65   17   42   -1   -1   -1   -1   -1   -1   -1   -1   -1   -1   -1   -1   -1   -1   -1   -1   -1   -1   -1   -1   -1   -1   -1   -1   -1   -1   -1   -1   -1   -1   -1   -1   -1   -1   -1
  87 0.449673 0.301656    8   85   54   76   37    6   57    9    7   90   22   81   97   42   78   77   58   27   49   10   46   96   72   79   31   51   50    3   86   95    0   38    1   71   74   43    4   24   39   98    5   20   11    2   62   21   44   89   64   25   63   16   45   60   67   26   32   61   68   83   13   35   65   17   84   14   66   18   33   40   15   91   75   41   -1   -1   -1   -1   -1   -1   -1   -1   -1   -1   -1   -1   -1   -1   -1   -1   -1   -1   -1   -1   -1   -1   -1   -1   -1
  88 0.0662764 0.903341   42   10    1    2   28   98   23   73   22   15   34   92   13   25   60   70   12   93   51   78   80   41   -1   -1   -1   -1   -1   -1   -1   -1   -1   -1   -1   -1   -1   -1   -1   -1   -1   -1   -1   -1   -1   -1   -1   -1   -1   -1   -1   -1   -1   -1   -1   -1   -1   -1   -1   -1   -1   -1   -1   -1   -1   -1   -1   -1   -1   -1   -1   -1   -1   -1   -1   -1   -1   -1   -1   -1   -1   -1   -1   -1   -1   -1   -1   -1   -1   -1   -1   -1   -1   -1   -1   -1   -1   -1   -1   -1   -1
  89 0.281863 0.146328   78   67   20   85   37   50   83   46   35   95   63   40   58   68   10    8   84    2   15    0   65   17   45   33   43   62   74   91   11   72   54    5    6   66   71   98   18   51   64   22   87   32   14   97   26   49   31   44   24   60   77   96   57   86   75   38   -1   -1   -1   -1   -1   -1   -1   -1   -1   -1   -1   -1   -1   -1   -1   -1   -1   -1   -1   -1   -1   -1   -1   -1   -1   -1   -1   -1   -1   -1   -1   -1   -1   -1   -1   -1   -1   -1   -1   -1   -1   -1   -1
  90 0.813037 0.108206   11   62   52   74    3   87   54    6   79   31   45   76   33   61   40   75   56    8   84   67   21   83   38   35   82   63   30   50   46   72   69   16   91   32   37   24   -1   -1   -1   -1   -1   -1   -1   -1   -1   -1   -1   -1   -1   -1   -1   -1   -1   -1   -1   -1   -1   -1   -1   -1   -1   -1   -1   -1   -1   -1   -1   -1   -1   -1   -1   -1   -1   -1   -1   -1   -1   -1   -1   -1   -1   -1   -1   -1   -1   -1   -1   -1   -1   -1   -1   -1   -1   -1   -1   -1   -1   -1   -1
  91 0.471706 0.0510301   32   31   44   65   24   17   45   33   62   74   75   54    5    6   66   67   20   95   18   21   83   35   63   14   26   49   40   89    8   84   77   57   86    0   38   97   85   30   37   43   50   46   96   90   11   72   71   58    3   64   87   16   -1   -1   -1   -1   -1   -1   -1   -1   -1   -1   -1   -1   -1   -1   -1   -1   -1   -1   -1   -1   -1   -1   -1   -1   -1   -1   -1   -1   -1   -1   -1   -1   -1   -1   -1   -1   -1   -1   -1   -1   -1   -1   -1   -1   -1   -1   -1
  92 0.240373 0.954844   73   13   22   53   98   12   93    4   59   25   70   51   81   47   42   78   80   10   41    2   88    9   28   29    1   23   27   15   34   -1   -1   -1   -1   -1   -1   -1   -1   -1   -1   -1   -1   -1   -1   -1   -1   -1   -1   -1   -1   -1   -1   -1   -1   -1   -1   -1   -1   -1   -1   -1   -1   -1   -1   -1   -1   -1   -1   -1   -1   -1   -1   -1   -1   -1   -1   -1   -1   -1   -1   -1   -1   -1   -1   -1   -1   -1   -1   -1   -1   -1   -1   -1   -1   -1   -1   -1   -1   -1   -1
  93 0.161381 0.937871   34   25   92   51   22   81   47   12   41   70   98   42    1   78   80   10   23    2   27   88   15   28   73   13   -1   -1   -1   -1   -1   -1   -1   -1   -1   -1   -1   -1   -1   -1   -1   -1   -1   -1   -1   -1   -1   -1   -1   -1   -1   -1   -1   -1   -1   -1   -1   -1   -1   -1   -1   -1   -1   -1   -1   -1   -1   -1   -1   -1   -1   -1   -1   -1   -1   -1   -1   -1   -1   -1   -1   -1   -1   -1   -1   -1   -1   -1   -1   -1   -1   -1   -1   -1   -1   -1   -1   -1   -1   -1   -1
  94 0.916257 0.756064   70   55    7   83   81   27   69   41    9   16   29   12   52    4   39   59   79   99   47   76   19   61   13   48   53   36   82   25   56   -1   -1   -1   -1   -1   -1   -1   -1   -1   -1   -1   -1   -1   -1   -1   -1   -1   -1   -1   -1   -1   -1   -1   -1   -1   -1   -1   -1   -1   -1   -1   -1   -1   -1   -1   -1   -1   -1   -1   -1   -1   -1   -1   -1   -1   -1   -1   -1   -1   -1   -1   -1   -1   -1   -1   -1   -1   -1   -1   -1   -1   -1   -1   -1   -1   -1   -1   -1   -1   -1
  95 0.11283 0.371456   23   84   98   77   14   27   49   15   28   89   41    8   85   37   57   50   86    0   42    1   78   71   91   43   58   10   87   11    2   51   44   64   45   60   97   73   32   74   65   17   96    5   66   20   18   34   25   67   26   80   68   22   83   81   -1   -1   -1   -1   -1   -1   -1   -1   -1   -1   -1   -1   -1   -1   -1   -1   -1   -1   -1   -1   -1   -1   -1   -1   -1   -1   -1   -1   -1   -1   -1   -1   -1   -1   -1   -1   -1   -1   -1   -1   -1   -1   -1   -1   -1
  96 0.00107074 0.214901   20   32   77   74   60   57   58   86   87    5   84   18   85   17    2   45   15    0   43   44   14   26   97   71   68   66   51   67   95   64   65   11   91   10   89    8   37   22   49   34   -1   -1   -1   -1   -1   -1   -1   -1   -1   -1   -1   -1   -1   -1   -1   -1   -1   -1   -1   -1   -1   -1   -1   -1   -1   -1   -1   -1   -1   -1   -1   -1   -1   -1   -1   -1   -1   -1   -1   -1   -1   -1   -1   -1   -1   -1   -1   -1   -1   -1   -1   -1   -1   -1   -1   -1   -1   -1   -1
  97 0.32797 0.357351   10   75   38   98    8   57   73    7   22   87    5   34   50   20   85   32   76   83    1   17   46   62   45   74   15   31   60   43   72   58   41   86   27    6   71   84   18   25    4   81    2   51   67   96   95   13    0   65   44   11   14   26   42   91    9   24   40   89   23   39   68   54   37   66   49   35   64   63   33   78   77   -1   -1   -1   -1   -1   -1   -1   -1   -1   -1   -1   -1   -1   -1   -1   -1   -1   -1   -1   -1   -1   -1   -1   -1   -1   -1   -1   -1
  98 0.309534 0.616181   95   64   18   80   85   97   11   12    1   17    2   92   23   39    8   41   26   88   42   70   20   25   32   48   76   81   66   59   13   60   65   93   78    7    9   87   10   84   89    4   83   22   49   34   50   15    0   28   44   27   40   68   57   73   86   51    5   67   -1   -1   -1   -1   -1   -1   -1   -1   -1   -1   -1   -1   -1   -1   -1   -1   -1   -1   -1   -1   -1   -1   -1   -1   -1   -1   -1   -1   -1   -1   -1   -1   -1   -1   -1   -1   -1   -1   -1   -1   -1
  99 0.918649 0.921341   39   29   41   19   53   69   81   12   47   59   13    7   36    9   70   48   76   82   94   27   56   55    4   79   -1   -1   -1   -1   -1   -1   -1   -1   -1   -1   -1   -1   -1   -1   -1   -1   -1   -1   -1   -1   -1   -1   -1   -1   -1   -1   -1   -1   -1   -1   -1   -1   -1   -1   -1   -1   -1   -1   -1   -1   -1   -1   -1   -1   -1   -1   -1   -1   -1   -1   -1   -1   -1   -1   -1   -1   -1   -1   -1   -1   -1   -1   -1   -1   -1   -1   -1   -1   -1   -1   -1   -1   -1   -1   -1
